1 24 86
2 13 24
3 17 53
4 10 86
5 40 61
6 82 76
7 20 65
8 82 68
9 52 17
10 60 85
11 51 79
12 79 22
13 1 50
14 75 37
15 2 52
16 46 87
17 7 21
18 16 83
19 19 77
20 61 47
21 74 10
22 47 40
23 62 31
24 54 55
25 8 58
26 41 39
27 79 80
28 42 25
29 35 49
30 19 54
31 81 60
32 81 75
33 48 67
34 5 74
35 48 1
36 28 47
37 55 12
38 96 54
39 29 33
40 10 77
41 45 76
42 42 18
43 64 43
44 12 41
45 67 88
46 37 30
47 24 95
48 81 42
49 14 15
50 23 24
51 47 19
52 33 86
53 29 26
54 11 1
55 4 52
56 72 3
57 19 27
58 9 80
59 62 56
60 38 28
61 83 46
62 63 28
63 78 83
64 45 64
65 47 87
66 18 25
67 84 15
68 49 84
69 22 51
70 77 26
71 1 57
72 19 13
73 62 9
74 88 54
75 56 99
76 21 62
77 48 43
78 35 76
79 23 40
80 25 32
81 72 55
82 39 36
83 57 67
84 7 71
85 39 29
86 81 42
87 62 10
88 76 8
89 86 57
90 32 28
91 58 45
92 17 33
93 7 39
94 89 73
95 63 70
96 26 51
97 87 25
98 38 81
99 91 40
100 85 94
