1 66 31
2 39 79
3 90 15
4 88 34
5 41 71
6 94 62
7 83 90
8 18 75
9 18 95
10 68 31
11 71 95
12 84 10
13 19 52
14 83 88
15 83 52
16 40 66
17 90 55
18 21 72
19 66 23
20 76 27
21 26 47
22 71 47
23 65 68
24 47 88
25 43 67
26 34 34
27 58 96
28 53 45
29 21 48
30 45 35
31 18 50
32 80 52
33 81 39
34 59 20
35 21 44
36 86 80
37 35 30
38 67 68
39 17 22
40 37 36
41 47 57
42 79 10
43 67 42
44 37 78
45 65 99
46 62 21
47 11 32
48 44 56
49 11 36
50 64 87
51 36 38
52 73 82
53 11 35
54 15 74
55 10 59
56 81 32
57 87 42
58 27 22
59 46 87
60 66 68
61 16 11
62 84 12
63 75 82
64 35 15
65 27 73
66 80 48
67 72 72
68 56 71
69 80 41
70 17 72
71 60 48
72 43 76
73 35 19
74 30 63
75 74 25
76 31 13
77 98 49
78 14 61
79 65 76
80 18 28
81 65 42
82 65 24
83 78 64
84 38 42
85 80 67
86 82 41
87 46 61
88 96 48
89 35 73
90 15 79
91 32 31
92 73 83
93 39 84
94 63 85
95 32 70
96 78 82
97 68 65
98 53 10
99 27 10
100 80 90
