1 69 94
2 86 19
3 86 76
4 75 76
5 72 41
6 92 23
7 22 72
8 45 56
9 17 11
10 11 16
11 68 75
12 91 27
13 63 76
14 50 64
15 58 31
16 28 20
17 71 28
18 80 16
19 34 48
20 70 82
21 67 18
22 58 72
23 19 88
24 61 93
25 78 53
26 33 83
27 58 97
28 71 66
29 44 75
30 90 83
31 91 12
32 58 70
33 60 96
34 78 64
35 66 94
36 43 91
37 68 77
38 75 35
39 28 23
40 36 99
41 32 76
42 40 76
43 27 47
44 50 34
45 11 37
46 15 87
47 28 49
48 55 81
49 88 77
50 83 63
51 62 81
52 98 75
53 59 85
54 93 33
55 62 69
56 69 73
57 49 52
58 65 59
59 29 86
60 56 25
61 30 40
62 51 10
63 54 25
64 62 97
65 83 45
66 81 10
67 83 90
68 58 42
69 66 78
70 17 97
71 63 45
72 32 59
73 80 68
74 18 52
75 39 16
76 85 65
77 44 40
78 41 18
79 74 52
80 41 86
81 51 58
82 68 66
83 30 45
84 21 96
85 48 89
86 89 93
87 71 36
88 75 27
89 19 79
90 31 82
91 85 14
92 22 39
93 84 49
94 39 88
95 55 34
96 28 91
97 21 79
98 79 45
99 16 69
100 10 85
