1 54 25
2 83 73
3 81 47
4 83 96
5 93 42
6 52 96
7 21 21
8 32 68
9 28 80
10 64 21
11 56 27
12 73 10
13 96 61
14 37 52
15 31 31
16 61 73
17 96 91
18 15 64
19 52 57
20 38 97
21 99 15
22 53 39
23 38 27
24 86 30
25 11 13
26 70 96
27 25 61
28 91 84
29 69 89
30 18 15
31 57 84
32 76 81
33 44 89
34 71 18
35 19 19
36 57 66
37 52 24
38 37 82
39 37 62
40 17 48
41 95 61
42 77 57
43 46 57
44 51 88
45 73 60
46 34 34
47 76 92
48 23 87
49 32 41
50 42 28
51 77 14
52 82 62
53 22 79
54 34 79
55 84 51
56 31 20
57 84 43
58 21 87
59 87 39
60 67 59
61 64 51
62 18 99
63 39 53
64 57 37
65 92 94
66 90 61
67 31 62
68 40 10
69 90 61
70 70 77
71 24 57
72 90 68
73 10 88
74 97 39
75 99 47
76 50 53
77 74 94
78 47 30
79 80 34
80 94 38
81 20 44
82 48 31
83 44 17
84 65 15
85 13 29
86 37 88
87 49 70
88 76 39
89 33 32
90 51 12
91 85 47
92 13 81
93 35 12
94 65 26
95 34 80
96 22 24
97 70 22
98 90 84
99 92 53
100 14 58
