1 97 98
2 13 90
3 57 12
4 39 64
5 14 35
6 99 76
7 36 40
8 13 51
9 80 51
10 23 58
11 30 37
12 72 73
13 14 45
14 97 30
15 64 53
16 99 92
17 53 55
18 34 62
19 42 63
20 91 62
21 34 11
22 76 22
23 84 57
24 45 90
25 31 89
26 41 82
27 95 89
28 28 21
29 41 37
30 51 28
31 90 29
32 18 93
33 26 68
34 43 42
35 85 96
36 99 93
37 73 38
38 70 38
39 96 90
40 72 29
41 75 87
42 77 84
43 96 56
44 98 37
45 50 58
46 52 51
47 52 55
48 61 97
49 51 75
50 92 17
51 55 85
52 59 33
53 69 36
54 57 85
55 79 82
56 70 40
57 59 70
58 45 78
59 21 74
60 72 61
61 82 19
62 89 91
63 59 36
64 36 90
65 92 24
66 73 60
67 77 79
68 74 18
69 95 96
70 32 31
71 25 56
72 84 27
73 68 93
74 78 24
75 75 74
76 92 76
77 16 65
78 76 65
79 20 13
80 14 11
81 84 13
82 36 40
83 79 35
84 96 27
85 73 35
86 74 70
87 28 51
88 90 39
89 21 32
90 47 32
91 26 35
92 11 39
93 79 60
94 17 84
95 61 66
96 79 16
97 80 41
98 27 22
99 37 92
100 45 37
