1 30 25
2 38 30
3 36 69
4 65 83
5 81 63
6 34 57
7 24 78
8 67 97
9 80 78
10 31 45
11 62 77
12 54 78
13 85 56
14 58 43
15 88 97
16 92 97
17 18 87
18 75 77
19 38 42
20 47 22
21 24 18
22 67 67
23 11 69
24 86 95
25 57 68
26 75 73
27 55 55
28 20 63
29 96 63
30 22 98
31 91 34
32 24 56
33 90 39
34 72 67
35 27 79
36 90 13
37 60 72
38 64 96
39 46 73
40 10 60
41 23 42
42 47 74
43 52 11
44 21 39
45 74 65
46 71 82
47 98 28
48 99 16
49 56 60
50 77 84
51 39 46
52 20 98
53 59 57
54 77 32
55 61 62
56 96 85
57 86 83
58 63 17
59 49 52
60 43 31
61 88 78
62 35 99
63 60 22
64 66 60
65 33 26
66 69 85
67 53 55
68 94 24
69 75 69
70 94 39
71 92 31
72 36 61
73 71 39
74 19 35
75 94 62
76 50 38
77 47 22
78 14 33
79 28 94
80 40 44
81 58 47
82 69 37
83 69 26
84 32 12
85 29 20
86 38 50
87 80 45
88 78 84
89 44 74
90 53 79
91 54 52
92 86 18
93 90 21
94 71 65
95 66 19
96 84 45
97 30 20
98 27 86
99 37 48
100 45 29
