1 97 71
2 66 62
3 94 21
4 39 40
5 76 98
6 87 61
7 81 39
8 25 25
9 90 19
10 38 19
11 47 49
12 88 57
13 45 57
14 16 51
15 54 19
16 59 20
17 59 43
18 61 90
19 54 39
20 31 79
21 13 31
22 94 77
23 87 18
24 20 17
25 74 18
26 65 56
27 67 45
28 30 63
29 60 37
30 13 48
31 27 40
32 41 36
33 80 23
34 94 88
35 10 82
36 75 74
37 32 17
38 30 21
39 22 74
40 38 26
41 50 95
42 33 73
43 56 71
44 31 88
45 54 54
46 66 87
47 87 97
48 75 11
49 57 94
50 39 60
51 51 18
52 38 17
53 70 17
54 87 60
55 20 77
56 34 99
57 12 60
58 50 53
59 26 29
60 44 85
61 85 75
62 32 99
63 92 58
64 32 58
65 22 18
66 16 42
67 47 86
68 76 36
69 93 43
70 14 66
71 74 72
72 21 23
73 50 33
74 91 20
75 14 71
76 28 46
77 88 19
78 61 15
79 10 65
80 73 26
81 91 23
82 79 76
83 91 37
84 95 96
85 57 25
86 44 88
87 91 83
88 43 28
89 44 99
90 63 17
91 44 49
92 35 10
93 60 19
94 29 85
95 64 53
96 75 59
97 70 25
98 59 67
99 13 77
100 10 96
