1 66 43
2 69 61
3 62 28
4 68 91
5 67 16
6 31 28
7 28 91
8 82 91
9 43 32
10 82 95
11 10 63
12 89 11
13 35 45
14 46 91
15 25 91
16 95 73
17 28 64
18 61 73
19 64 91
20 21 26
21 88 38
22 46 83
23 59 95
24 49 23
25 22 16
26 12 20
27 20 98
28 23 26
29 35 89
30 59 87
31 27 42
32 12 48
33 47 13
34 29 28
35 56 25
36 78 16
37 31 51
38 68 46
39 42 48
40 90 96
41 18 47
42 52 59
43 54 48
44 88 89
45 42 53
46 92 52
47 77 92
48 60 91
49 83 59
50 83 44
51 22 64
52 22 66
53 25 67
54 66 38
55 65 54
56 68 26
57 47 14
58 82 33
59 53 54
60 17 58
61 98 26
62 47 38
63 27 97
64 16 64
65 30 73
66 18 63
67 87 15
68 38 56
69 87 93
70 53 60
71 48 81
72 31 52
73 62 24
74 17 32
75 84 29
76 46 43
77 30 24
78 37 80
79 13 12
80 45 46
81 91 98
82 37 82
83 44 30
84 37 24
85 89 90
86 49 69
87 69 19
88 95 59
89 98 84
90 57 55
91 48 61
92 11 44
93 58 72
94 14 44
95 33 13
96 98 26
97 88 19
98 92 50
99 98 56
100 27 62
