1 61 37
2 54 84
3 23 25
4 51 75
5 88 92
6 60 51
7 94 18
8 16 86
9 59 79
10 20 47
11 51 61
12 42 65
13 53 22
14 10 57
15 47 72
16 92 70
17 41 19
18 95 35
19 83 91
20 36 30
21 23 64
22 71 67
23 28 38
24 22 60
25 55 71
26 31 98
27 81 45
28 36 97
29 44 23
30 82 65
31 65 53
32 17 45
33 68 69
34 34 68
35 53 99
36 82 94
37 29 34
38 53 34
39 46 99
40 11 49
41 20 57
42 68 29
43 61 70
44 24 18
45 10 65
46 83 45
47 73 63
48 60 61
49 58 37
50 83 99
51 21 27
52 40 60
53 80 37
54 38 15
55 88 57
56 52 53
57 39 66
58 76 67
59 99 96
60 20 26
61 19 96
62 78 89
63 15 97
64 50 35
65 86 10
66 41 88
67 18 87
68 99 96
69 43 97
70 70 31
71 18 35
72 76 77
73 17 59
74 91 37
75 55 18
76 89 60
77 87 97
78 59 15
79 69 76
80 91 74
81 76 95
82 20 42
83 82 77
84 49 77
85 19 55
86 17 96
87 37 94
88 97 24
89 58 50
90 87 74
91 16 21
92 82 88
93 39 20
94 75 25
95 17 22
96 97 81
97 37 42
98 14 57
99 55 74
100 67 74
