1 59 86
2 52 50
3 10 53
4 57 61
5 66 82
6 21 69
7 82 11
8 58 81
9 55 61
10 73 66
11 68 40
12 21 27
13 80 37
14 44 61
15 81 64
16 27 33
17 89 75
18 88 16
19 22 75
20 11 53
21 58 20
22 80 63
23 80 22
24 71 48
25 71 54
26 83 75
27 89 15
28 60 58
29 22 76
30 38 91
31 91 46
32 46 38
33 76 42
34 92 22
35 68 57
36 29 61
37 77 50
38 64 35
39 45 93
40 78 89
41 59 34
42 95 61
43 25 35
44 74 35
45 86 96
46 27 87
47 30 87
48 99 27
49 84 59
50 49 22
51 36 59
52 29 39
53 45 76
54 80 93
55 59 85
56 95 92
57 26 21
58 64 76
59 11 91
60 67 85
61 23 90
62 20 59
63 52 59
64 46 92
65 60 66
66 77 59
67 22 22
68 43 12
69 25 12
70 17 79
71 52 94
72 81 15
73 15 19
74 46 42
75 61 86
76 93 27
77 11 56
78 62 13
79 36 64
80 92 31
81 14 71
82 25 70
83 61 76
84 30 76
85 10 65
86 74 97
87 83 78
88 87 74
89 42 95
90 15 52
91 49 36
92 69 83
93 38 93
94 59 62
95 59 35
96 49 34
97 78 65
98 69 58
99 70 75
100 44 67
