1 32 48
2 95 69
3 84 23
4 42 34
5 60 33
6 90 99
7 99 51
8 41 63
9 45 65
10 58 21
11 97 95
12 41 77
13 13 37
14 21 69
15 33 72
16 65 95
17 37 12
18 27 51
19 23 60
20 89 62
21 34 58
22 89 52
23 92 46
24 78 59
25 18 36
26 21 94
27 37 46
28 95 12
29 22 26
30 92 27
31 12 54
32 17 37
33 11 81
34 84 52
35 15 56
36 40 25
37 33 94
38 20 24
39 48 98
40 58 95
41 24 55
42 49 39
43 32 34
44 67 75
45 19 21
46 61 15
47 27 85
48 70 73
49 31 37
50 27 70
51 62 42
52 64 87
53 56 36
54 50 84
55 43 62
56 65 38
57 86 39
58 36 69
59 49 66
60 33 39
61 90 28
62 51 17
63 93 38
64 94 78
65 20 96
66 64 48
67 74 39
68 58 32
69 82 99
70 98 22
71 51 39
72 70 75
73 28 35
74 43 84
75 72 14
76 17 52
77 16 73
78 12 19
79 81 17
80 28 78
81 59 66
82 92 42
83 31 83
84 27 87
85 88 92
86 53 18
87 76 71
88 81 67
89 69 93
90 91 51
91 51 74
92 19 97
93 43 46
94 21 18
95 98 67
96 41 34
97 13 22
98 96 47
99 18 15
100 47 73
