1 86 13
2 88 25
3 25 29
4 68 10
5 39 95
6 50 18
7 15 80
8 44 44
9 35 83
10 63 51
11 64 24
12 98 76
13 52 88
14 43 67
15 23 10
16 21 97
17 10 24
18 30 93
19 44 67
20 57 48
21 80 42
22 88 28
23 99 47
24 31 84
25 70 75
26 50 69
27 98 17
28 60 34
29 71 94
30 25 88
31 97 39
32 64 10
33 46 40
34 91 99
35 95 59
36 56 23
37 81 43
38 77 65
39 43 84
40 38 81
41 18 42
42 69 60
43 95 13
44 10 78
45 92 56
46 82 36
47 51 19
48 62 32
49 41 11
50 54 57
51 51 43
52 12 76
53 34 23
54 75 89
55 97 14
56 92 87
57 34 25
58 25 52
59 94 25
60 99 55
61 83 41
62 46 18
63 38 12
64 39 78
65 90 16
66 56 59
67 45 12
68 36 70
69 94 35
70 64 23
71 40 59
72 38 54
73 64 58
74 88 79
75 35 73
76 31 83
77 97 62
78 26 78
79 97 76
80 21 24
81 53 88
82 59 12
83 29 71
84 69 50
85 48 99
86 74 16
87 64 58
88 37 79
89 67 42
90 38 51
91 33 81
92 41 34
93 77 38
94 51 93
95 22 47
96 86 83
97 32 34
98 53 92
99 58 63
100 24 46
