1 10 24
2 21 24
3 25 29
4 23 10
5 18 42
6 34 25
7 32 34
8 34 23
9 22 47
10 38 12
11 24 46
12 41 11
13 12 76
14 45 12
15 46 18
16 10 78
17 59 12
18 41 34
19 25 52
20 50 18
21 29 71
22 64 10
23 15 80
24 51 19
25 46 40
26 44 44
27 38 51
28 56 23
29 21 97
30 68 10
31 38 54
32 51 43
33 40 59
34 64 23
35 26 78
36 64 24
37 36 70
38 62 32
39 43 67
40 35 73
41 74 16
42 44 67
43 60 34
44 31 83
45 86 13
46 25 88
47 67 42
48 57 48
49 54 57
50 56 59
51 33 81
52 90 16
53 31 84
54 77 38
55 37 79
56 38 81
57 95 13
58 50 69
59 63 51
60 35 83
61 88 25
62 43 84
63 82 36
64 39 78
65 69 50
66 58 63
67 64 58
68 30 93
69 80 42
70 64 58
71 52 88
72 88 28
73 48 99
74 94 25
75 39 95
76 83 41
77 53 88
78 81 43
79 51 93
80 69 60
81 53 92
82 94 35
83 70 75
84 77 65
85 71 94
86 92 56
87 75 89
88 88 79
89 86 83
90 92 87
91 91 99
92 95 59
93 97 62
94 97 39
95 97 76
96 97 14
97 98 17
98 98 76
99 99 55
100 99 47
