1 36 60
2 27 67
3 84 29
4 33 14
5 33 28
6 19 55
7 56 97
8 36 66
9 42 82
10 59 73
11 52 20
12 47 80
13 26 27
14 28 92
15 99 13
16 26 86
17 84 35
18 52 37
19 20 98
20 29 42
21 69 87
22 79 19
23 76 99
24 69 42
25 23 90
26 94 61
27 77 84
28 49 77
29 97 99
30 80 50
31 33 93
32 32 19
33 88 79
34 86 69
35 10 17
36 23 38
37 11 46
38 33 45
39 97 54
40 76 23
41 44 42
42 74 32
43 77 20
44 85 54
45 46 98
46 26 94
47 18 22
48 56 93
49 14 27
50 84 26
51 15 25
52 17 55
53 95 56
54 95 85
55 31 87
56 42 78
57 73 22
58 23 35
59 70 86
60 49 37
61 53 71
62 96 85
63 79 17
64 83 92
65 51 12
66 50 67
67 15 50
68 55 83
69 49 22
70 98 39
71 23 99
72 27 44
73 92 81
74 47 12
75 76 37
76 10 97
77 55 56
78 91 25
79 61 45
80 58 30
81 51 16
82 36 32
83 59 60
84 71 91
85 26 61
86 59 13
87 86 72
88 24 71
89 59 17
90 44 72
91 28 17
92 94 81
93 41 69
94 46 12
95 54 28
96 90 22
97 28 91
98 88 42
99 70 40
100 24 92
