1 23 61
2 72 55
3 84 53
4 42 49
5 10 95
6 32 21
7 68 32
8 33 48
9 60 39
10 33 85
11 77 45
12 88 57
13 97 41
14 74 16
15 62 69
16 57 28
17 90 57
18 80 62
19 22 66
20 43 86
21 13 96
22 53 33
23 17 36
24 39 97
25 34 18
26 84 49
27 63 41
28 85 97
29 21 96
30 98 37
31 31 93
32 46 56
33 27 75
34 91 71
35 43 99
36 50 39
37 17 82
38 51 36
39 94 88
40 53 45
41 33 68
42 74 95
43 45 75
44 40 87
45 34 46
46 80 55
47 19 64
48 97 37
49 82 77
50 87 55
51 39 61
52 54 57
53 84 50
54 36 84
55 84 34
56 92 18
57 10 66
58 38 39
59 46 18
60 17 29
61 63 25
62 67 15
63 50 95
64 26 12
65 59 35
66 93 18
67 63 31
68 50 36
69 44 12
70 45 63
71 32 97
72 42 29
73 86 52
74 42 50
75 75 86
76 97 66
77 60 86
78 92 33
79 61 31
80 63 51
81 72 59
82 29 19
83 24 48
84 99 82
85 10 91
86 75 84
87 51 67
88 22 40
89 29 34
90 93 23
91 14 95
92 39 91
93 93 73
94 98 66
95 99 24
96 44 22
97 76 60
98 47 34
99 42 17
100 22 53
