1 62 52
2 22 82
3 89 31
4 40 27
5 45 45
6 51 80
7 81 55
8 57 73
9 19 79
10 24 60
11 72 55
12 52 83
13 12 33
14 51 27
15 83 66
16 78 93
17 71 11
18 83 16
19 32 40
20 67 82
21 23 22
22 36 42
23 28 47
24 15 52
25 34 50
26 79 74
27 92 46
28 91 20
29 95 22
30 53 88
31 78 28
32 22 98
33 76 18
34 51 18
35 32 79
36 83 84
37 39 25
38 98 73
39 79 85
40 51 47
41 92 37
42 74 90
43 29 31
44 55 36
45 92 22
46 87 57
47 66 37
48 35 48
49 25 94
50 58 99
51 70 19
52 99 85
53 71 60
54 65 93
55 23 70
56 39 82
57 93 30
58 65 11
59 65 35
60 10 64
61 53 82
62 28 25
63 75 48
64 77 19
65 34 42
66 60 54
67 62 43
68 44 66
69 94 13
70 52 46
71 25 15
72 13 75
73 91 20
74 68 89
75 16 25
76 72 56
77 19 22
78 34 16
79 59 42
80 65 25
81 47 99
82 57 74
83 53 26
84 80 62
85 43 61
86 55 63
87 82 74
88 78 21
89 41 56
90 39 76
91 37 17
92 78 57
93 79 95
94 96 60
95 27 13
96 67 24
97 64 46
98 20 15
99 51 37
100 44 49
