1 42 87
2 13 80
3 31 31
4 57 35
5 29 53
6 64 44
7 39 75
8 46 14
9 56 66
10 32 33
11 23 90
12 32 42
13 96 90
14 96 56
15 51 95
16 41 27
17 87 44
18 70 82
19 31 58
20 33 60
21 99 21
22 80 56
23 33 34
24 71 28
25 65 73
26 71 92
27 34 10
28 51 40
29 64 34
30 84 36
31 60 86
32 91 44
33 97 35
34 24 83
35 56 57
36 11 16
37 93 54
38 15 55
39 25 64
40 43 44
41 15 92
42 96 23
43 58 71
44 46 72
45 99 99
46 62 45
47 95 66
48 26 59
49 51 44
50 16 25
51 80 58
52 60 28
53 81 39
54 41 37
55 49 93
56 77 23
57 27 71
58 38 80
59 64 12
60 90 66
61 73 75
62 64 56
63 30 27
64 41 94
65 91 13
66 22 11
67 77 62
68 28 94
69 69 69
70 13 37
71 67 55
72 65 70
73 60 93
74 70 95
75 54 27
76 19 94
77 80 59
78 87 30
79 79 75
80 40 58
81 74 81
82 66 31
83 60 94
84 78 74
85 61 40
86 72 75
87 51 19
88 54 13
89 46 91
90 50 45
91 64 85
92 71 95
93 57 13
94 37 71
95 59 24
96 38 54
97 30 36
98 77 44
99 36 85
100 36 20
