1 48 51
2 14 50
3 57 24
4 87 96
5 23 89
6 56 45
7 82 49
8 32 14
9 90 45
10 23 58
11 39 40
12 81 99
13 80 75
14 70 54
15 80 40
16 89 59
17 34 53
18 67 78
19 39 20
20 43 62
21 70 24
22 66 45
23 45 27
24 90 62
25 45 77
26 83 75
27 79 26
28 38 54
29 31 48
30 28 67
31 37 74
32 74 14
33 53 40
34 26 75
35 22 44
36 77 45
37 45 41
38 57 30
39 87 14
40 95 76
41 73 30
42 33 75
43 57 51
44 65 36
45 52 80
46 65 93
47 51 11
48 94 67
49 11 17
50 18 73
51 13 83
52 62 43
53 56 69
54 44 70
55 72 64
56 81 72
57 86 21
58 61 64
59 81 33
60 91 65
61 46 33
62 41 47
63 64 75
64 21 30
65 75 47
66 15 29
67 58 45
68 21 95
69 21 34
70 90 28
71 26 10
72 59 94
73 80 52
74 20 62
75 38 60
76 49 67
77 57 41
78 39 65
79 77 71
80 48 16
81 20 40
82 25 31
83 31 71
84 58 56
85 91 28
86 72 27
87 28 64
88 46 51
89 29 71
90 21 40
91 91 59
92 22 93
93 54 78
94 69 83
95 36 61
96 19 49
97 40 49
98 79 81
99 87 69
100 47 65
