1 58 75
2 93 71
3 93 55
4 67 89
5 62 72
6 19 82
7 16 38
8 13 21
9 43 67
10 90 41
11 69 36
12 11 94
13 91 11
14 92 74
15 29 75
16 61 62
17 55 16
18 68 73
19 52 81
20 40 56
21 27 55
22 54 60
23 71 31
24 16 36
25 40 29
26 23 96
27 21 46
28 97 39
29 40 21
30 31 51
31 44 92
32 86 64
33 14 95
34 46 29
35 98 91
36 23 89
37 71 67
38 65 41
39 49 66
40 54 51
41 68 78
42 88 54
43 39 19
44 23 62
45 97 91
46 73 38
47 99 49
48 68 39
49 77 74
50 13 61
51 54 72
52 90 34
53 61 11
54 76 56
55 17 97
56 29 98
57 68 95
58 13 94
59 79 79
60 46 47
61 51 31
62 50 73
63 42 32
64 19 93
65 24 99
66 59 48
67 49 21
68 96 75
69 43 77
70 80 44
71 97 41
72 45 58
73 60 40
74 69 49
75 55 37
76 33 97
77 62 72
78 50 32
79 77 24
80 24 89
81 67 22
82 90 48
83 34 97
84 42 11
85 56 90
86 19 42
87 71 98
88 71 98
89 97 91
90 54 80
91 30 50
92 58 26
93 22 71
94 93 10
95 96 79
96 82 75
97 91 16
98 57 25
99 92 21
100 44 94
