1 93 98
2 18 12
3 15 86
4 37 71
5 89 41
6 90 58
7 22 37
8 93 44
9 83 90
10 27 59
11 55 70
12 62 79
13 48 93
14 36 47
15 77 27
16 57 77
17 29 66
18 10 64
19 56 62
20 40 87
21 66 56
22 66 43
23 74 51
24 39 23
25 69 99
26 21 53
27 49 90
28 69 84
29 35 39
30 14 26
31 82 30
32 46 57
33 16 52
34 36 87
35 97 66
36 99 86
37 22 93
38 21 45
39 60 97
40 85 13
41 24 34
42 51 68
43 93 70
44 92 35
45 91 47
46 80 72
47 72 57
48 37 56
49 16 57
50 85 77
51 91 87
52 95 92
53 32 97
54 24 40
55 47 66
56 33 49
57 38 58
58 77 99
59 84 63
60 42 42
61 63 59
62 80 84
63 41 47
64 85 88
65 23 15
66 61 27
67 58 52
68 80 46
69 12 84
70 58 50
71 85 63
72 74 21
73 68 63
74 92 54
75 34 99
76 23 94
77 89 40
78 23 15
79 28 60
80 90 35
81 48 11
82 94 63
83 32 54
84 20 65
85 41 56
86 82 72
87 35 93
88 71 51
89 49 18
90 95 30
91 69 50
92 12 50
93 70 92
94 20 47
95 50 93
96 89 21
97 39 32
98 91 22
99 48 28
100 43 69
