1 61 60
2 41 58
3 59 65
4 10 18
5 45 30
6 84 19
7 63 43
8 62 48
9 65 10
10 98 20
11 49 43
12 48 15
13 88 97
14 94 87
15 31 66
16 23 68
17 88 18
18 69 20
19 81 57
20 42 69
21 85 31
22 26 80
23 65 84
24 46 14
25 45 51
26 15 69
27 90 23
28 36 54
29 66 84
30 22 23
31 65 29
32 93 85
33 44 66
34 53 88
35 49 91
36 47 89
37 44 98
38 94 61
39 88 38
40 28 84
41 84 97
42 56 58
43 69 66
44 11 28
45 53 84
46 49 14
47 90 30
48 62 56
49 52 33
50 46 49
51 80 39
52 34 18
53 39 61
54 71 25
55 59 63
56 57 58
57 95 38
58 30 36
59 23 20
60 61 57
61 12 88
62 62 18
63 22 33
64 85 40
65 84 62
66 25 49
67 27 52
68 75 93
69 58 91
70 86 20
71 31 46
72 90 97
73 26 24
74 12 32
75 52 11
76 39 76
77 26 13
78 70 23
79 42 81
80 56 95
81 38 55
82 61 50
83 65 50
84 80 11
85 84 27
86 55 51
87 12 86
88 61 50
89 35 70
90 58 38
91 86 53
92 38 84
93 37 45
94 31 47
95 35 11
96 69 95
97 81 86
98 53 45
99 92 84
100 14 47
