1 77 81
2 67 44
3 56 18
4 10 82
5 30 89
6 77 38
7 82 59
8 16 30
9 62 65
10 47 52
11 85 58
12 10 54
13 85 95
14 24 29
15 13 44
16 37 33
17 63 58
18 45 85
19 27 42
20 30 83
21 80 67
22 56 61
23 91 69
24 15 97
25 10 40
26 22 29
27 89 36
28 39 84
29 37 40
30 50 42
31 54 67
32 13 97
33 89 94
34 29 41
35 68 35
36 64 32
37 57 43
38 27 48
39 69 91
40 90 17
41 10 55
42 22 21
43 33 34
44 37 13
45 12 98
46 12 64
47 74 45
48 27 46
49 54 57
50 16 23
51 38 50
52 94 30
53 39 24
54 44 86
55 81 80
56 72 62
57 49 77
58 51 26
59 63 35
60 99 96
61 11 84
62 88 94
63 90 66
64 68 69
65 91 82
66 99 36
67 91 42
68 55 12
69 34 63
70 25 21
71 28 75
72 91 77
73 45 15
74 58 66
75 10 63
76 31 40
77 71 41
78 30 66
79 45 27
80 88 89
81 88 28
82 41 68
83 61 86
84 93 25
85 47 55
86 35 77
87 23 62
88 99 51
89 40 97
90 63 90
91 17 96
92 87 24
93 22 89
94 15 62
95 38 75
96 97 81
97 28 68
98 15 44
99 76 17
100 70 98
