1 98 28
2 66 16
3 79 83
4 53 99
5 83 65
6 10 25
7 10 54
8 94 75
9 31 36
10 52 71
11 92 71
12 91 44
13 23 90
14 71 26
15 40 24
16 48 17
17 79 21
18 18 67
19 88 31
20 59 54
21 41 58
22 78 71
23 87 45
24 76 81
25 82 49
26 10 92
27 98 52
28 66 56
29 16 83
30 42 58
31 19 30
32 49 57
33 77 78
34 20 75
35 81 77
36 95 11
37 80 38
38 59 29
39 73 61
40 55 29
41 36 83
42 75 48
43 61 52
44 83 41
45 69 55
46 23 85
47 89 58
48 82 54
49 41 77
50 35 90
51 27 45
52 47 74
53 66 70
54 26 99
55 20 29
56 47 82
57 80 51
58 46 80
59 12 76
60 81 40
61 95 73
62 48 45
63 73 97
64 39 76
65 32 92
66 41 88
67 71 60
68 15 91
69 89 90
70 52 22
71 44 93
72 83 75
73 18 91
74 97 30
75 11 68
76 13 52
77 23 55
78 27 71
79 44 43
80 46 77
81 25 31
82 76 73
83 76 33
84 60 49
85 35 39
86 95 24
87 18 86
88 85 97
89 57 51
90 83 94
91 63 83
92 12 99
93 20 42
94 79 84
95 81 87
96 11 53
97 73 72
98 80 32
99 16 93
100 72 40
