1 55 28
2 83 94
3 20 98
4 79 61
5 92 15
6 51 37
7 94 64
8 49 73
9 49 10
10 25 72
11 72 88
12 28 46
13 20 52
14 91 33
15 37 61
16 50 90
17 22 66
18 88 18
19 65 30
20 31 86
21 90 51
22 60 47
23 41 10
24 13 99
25 82 25
26 57 52
27 69 86
28 32 54
29 43 34
30 74 92
31 64 22
32 68 22
33 32 19
34 96 55
35 48 99
36 32 16
37 89 49
38 24 25
39 57 26
40 21 13
41 70 83
42 69 81
43 75 58
44 83 66
45 45 99
46 26 35
47 99 54
48 30 84
49 10 18
50 35 15
51 69 88
52 23 60
53 33 61
54 13 57
55 11 79
56 51 82
57 68 76
58 72 86
59 80 91
60 95 35
61 45 58
62 67 54
63 41 25
64 54 24
65 62 29
66 35 39
67 58 92
68 17 83
69 83 45
70 29 70
71 80 15
72 94 14
73 88 64
74 53 44
75 40 63
76 83 80
77 91 54
78 94 81
79 35 72
80 16 95
81 32 69
82 36 26
83 35 80
84 22 91
85 11 48
86 33 86
87 83 44
88 34 43
89 46 19
90 32 24
91 40 49
92 80 50
93 87 93
94 23 31
95 31 61
96 59 73
97 68 55
98 79 48
99 92 52
100 90 25
