1 58 32
2 52 69
3 77 89
4 99 95
5 87 15
6 40 64
7 22 50
8 30 60
9 62 28
10 49 45
11 82 73
12 29 11
13 83 14
14 92 64
15 26 16
16 33 28
17 53 38
18 17 83
19 51 18
20 16 82
21 88 14
22 10 34
23 29 44
24 23 39
25 87 82
26 52 17
27 70 55
28 59 12
29 90 15
30 51 68
31 34 41
32 94 12
33 37 90
34 73 62
35 85 95
36 98 50
37 79 40
38 59 99
39 30 22
40 31 48
41 91 13
42 52 80
43 83 78
44 35 66
45 50 84
46 60 27
47 53 66
48 81 65
49 10 87
50 19 30
51 51 39
52 45 32
53 20 81
54 68 44
55 17 57
56 72 15
57 43 12
58 83 13
59 14 21
60 74 31
61 92 11
62 21 39
63 26 79
64 87 38
65 78 16
66 70 59
67 75 89
68 92 91
69 74 71
70 57 11
71 24 48
72 70 78
73 76 76
74 30 31
75 21 46
76 74 87
77 23 46
78 42 63
79 48 83
80 83 54
81 88 47
82 87 84
83 67 97
84 32 49
85 25 61
86 19 84
87 29 86
88 12 82
89 17 86
90 27 85
91 35 93
92 30 50
93 86 31
94 68 52
95 53 43
96 20 71
97 96 80
98 52 73
99 55 29
100 21 44
