1 88 88
2 15 14
3 23 57
4 48 71
5 60 56
6 55 59
7 59 53
8 75 60
9 31 63
10 59 60
11 94 13
12 30 55
13 44 88
14 21 23
15 50 78
16 85 70
17 48 46
18 68 27
19 37 90
20 95 11
21 50 10
22 40 11
23 27 83
24 92 24
25 64 84
26 47 96
27 34 93
28 94 20
29 63 65
30 31 46
31 47 99
32 52 33
33 77 74
34 30 59
35 80 48
36 60 93
37 26 52
38 24 97
39 85 23
40 73 85
41 23 72
42 93 46
43 66 77
44 94 19
45 38 71
46 72 59
47 82 90
48 71 61
49 83 66
50 95 88
51 96 99
52 73 65
53 59 75
54 29 80
55 44 20
56 35 83
57 64 79
58 71 75
59 36 21
60 66 10
61 28 32
62 83 60
63 38 96
64 27 99
65 37 60
66 22 51
67 45 75
68 57 47
69 90 73
70 91 78
71 29 88
72 54 32
73 39 71
74 31 55
75 11 93
76 90 17
77 14 43
78 43 19
79 93 78
80 53 72
81 88 29
82 40 34
83 76 57
84 24 12
85 18 22
86 68 21
87 32 41
88 48 22
89 39 96
90 58 79
91 78 43
92 79 21
93 82 83
94 46 69
95 35 77
96 78 95
97 87 18
98 26 16
99 56 21
100 28 62
