1 60 99
2 82 77
3 37 53
4 86 46
5 70 36
6 87 89
7 83 98
8 15 72
9 78 84
10 27 44
11 75 73
12 91 47
13 86 47
14 23 49
15 25 86
16 48 59
17 68 66
18 36 96
19 48 80
20 78 38
21 39 87
22 45 25
23 52 76
24 77 26
25 89 94
26 30 35
27 35 90
28 12 74
29 46 51
30 48 29
31 17 42
32 86 74
33 36 14
34 81 50
35 74 56
36 45 74
37 11 71
38 88 82
39 34 30
40 62 17
41 93 40
42 25 22
43 50 79
44 11 46
45 27 16
46 94 94
47 54 40
48 81 67
49 52 26
50 10 32
51 19 32
52 88 38
53 85 71
54 20 74
55 94 25
56 38 75
57 28 69
58 94 53
59 30 95
60 94 82
61 99 74
62 10 61
63 27 95
64 91 54
65 15 99
66 56 90
67 55 91
68 84 42
69 21 47
70 67 18
71 26 69
72 61 74
73 44 11
74 15 74
75 61 64
76 42 12
77 34 49
78 30 61
79 97 84
80 22 69
81 37 34
82 45 64
83 13 43
84 48 19
85 45 69
86 63 74
87 57 33
88 90 59
89 62 41
90 48 95
91 92 59
92 67 15
93 47 21
94 48 62
95 73 55
96 37 62
97 14 62
98 84 84
99 90 86
100 47 90
