1 16 63
2 74 46
3 33 77
4 95 75
5 31 11
6 18 51
7 76 12
8 88 21
9 14 35
10 62 59
11 82 10
12 95 21
13 11 54
14 51 36
15 79 17
16 88 24
17 78 52
18 39 98
19 58 73
20 94 13
21 23 17
22 97 82
23 64 24
24 81 41
25 53 45
26 63 41
27 49 46
28 40 96
29 93 90
30 81 33
31 65 42
32 36 98
33 21 17
34 48 86
35 15 63
36 38 32
37 46 55
38 67 20
39 86 31
40 86 66
41 85 41
42 12 28
43 11 22
44 87 86
45 51 28
46 84 15
47 92 36
48 67 72
49 45 72
50 34 17
51 90 38
52 58 64
53 72 91
54 29 74
55 63 79
56 21 95
57 65 32
58 57 67
59 96 16
60 51 45
61 54 70
62 47 93
63 35 21
64 28 95
65 56 56
66 41 99
67 68 39
68 97 73
69 49 38
70 42 47
71 41 22
72 79 74
73 97 25
74 53 58
75 13 99
76 82 11
77 93 71
78 69 41
79 81 51
80 90 41
81 15 22
82 67 19
83 26 72
84 75 17
85 56 84
86 53 45
87 89 12
88 77 45
89 56 46
90 48 39
91 31 47
92 86 47
93 89 79
94 84 22
95 48 64
96 47 58
97 46 51
98 96 31
99 53 50
100 62 37
