1 56 23
2 32 38
3 30 85
4 77 94
5 71 47
6 50 35
7 51 46
8 41 53
9 95 80
10 91 50
11 30 50
12 47 71
13 85 43
14 54 70
15 78 49
16 71 12
17 69 65
18 82 15
19 28 39
20 95 34
21 66 12
22 93 34
23 79 10
24 25 47
25 28 14
26 32 94
27 57 35
28 49 56
29 42 82
30 90 95
31 55 99
32 63 14
33 98 59
34 27 35
35 13 12
36 45 69
37 84 61
38 42 62
39 40 18
40 57 66
41 11 76
42 46 91
43 14 54
44 38 54
45 95 47
46 87 50
47 51 91
48 20 39
49 54 76
50 79 15
51 52 62
52 61 62
53 92 54
54 70 77
55 92 71
56 59 55
57 96 67
58 42 89
59 67 87
60 66 38
61 35 52
62 17 15
63 13 34
64 36 63
65 48 16
66 92 87
67 80 51
68 23 64
69 24 12
70 60 97
71 87 65
72 65 68
73 24 39
74 42 98
75 23 62
76 46 64
77 93 19
78 15 80
79 11 14
80 65 65
81 13 44
82 24 81
83 19 88
84 16 88
85 32 22
86 53 55
87 91 33
88 94 95
89 74 38
90 58 92
91 43 55
92 70 52
93 44 35
94 46 12
95 65 67
96 69 27
97 79 62
98 12 38
99 60 71
100 67 61
