1 68 96
2 59 46
3 27 39
4 93 70
5 70 46
6 71 51
7 72 20
8 32 74
9 17 19
10 22 84
11 85 19
12 37 45
13 47 54
14 79 36
15 15 90
16 68 36
17 52 15
18 97 67
19 50 47
20 88 97
21 89 55
22 30 76
23 56 76
24 10 54
25 59 56
26 45 44
27 22 39
28 19 58
29 29 66
30 66 27
31 44 25
32 73 68
33 17 69
34 42 91
35 82 45
36 70 54
37 27 91
38 65 13
39 16 43
40 64 90
41 60 93
42 25 18
43 10 32
44 22 54
45 47 55
46 47 36
47 99 56
48 26 95
49 17 53
50 89 56
51 62 82
52 92 43
53 80 84
54 61 31
55 61 61
56 99 61
57 44 83
58 77 92
59 59 21
60 89 31
61 50 90
62 84 91
63 54 75
64 23 17
65 70 65
66 67 97
67 26 30
68 70 96
69 87 65
70 53 62
71 21 82
72 30 74
73 45 70
74 81 52
75 47 15
76 61 36
77 91 15
78 40 62
79 43 14
80 30 85
81 48 90
82 47 40
83 69 42
84 67 64
85 54 37
86 33 51
87 36 57
88 40 17
89 64 98
90 69 22
91 18 13
92 81 40
93 14 47
94 42 99
95 84 87
96 37 94
97 98 20
98 10 87
99 69 26
100 67 97
