1 11 43
2 71 45
3 17 34
4 34 37
5 44 70
6 48 88
7 54 70
8 36 66
9 79 99
10 40 99
11 70 38
12 19 98
13 77 51
14 21 36
15 97 58
16 84 47
17 28 24
18 73 14
19 29 63
20 19 40
21 72 91
22 19 14
23 56 36
24 61 50
25 57 37
26 51 99
27 66 98
28 87 85
29 54 42
30 14 43
31 89 97
32 22 17
33 71 25
34 79 59
35 42 69
36 93 74
37 38 67
38 45 50
39 69 19
40 64 12
41 89 97
42 16 31
43 27 52
44 52 52
45 59 21
46 82 49
47 54 20
48 48 29
49 49 91
50 35 81
51 84 90
52 97 18
53 42 84
54 19 91
55 91 51
56 59 84
57 78 67
58 26 77
59 84 18
60 97 38
61 88 93
62 40 50
63 26 30
64 32 11
65 93 89
66 73 76
67 21 82
68 82 82
69 57 61
70 30 96
71 90 68
72 48 96
73 25 20
74 72 74
75 35 28
76 27 45
77 48 30
78 85 29
79 19 91
80 35 91
81 26 12
82 76 49
83 77 53
84 18 83
85 75 21
86 17 11
87 10 61
88 70 91
89 39 86
90 17 79
91 73 35
92 22 81
93 25 17
94 51 69
95 69 92
96 33 60
97 96 47
98 73 72
99 89 94
100 24 62
