1 88 46
2 69 29
3 61 60
4 69 26
5 94 80
6 85 82
7 21 91
8 55 12
9 36 98
10 54 98
11 94 94
12 53 13
13 42 45
14 41 25
15 36 69
16 28 26
17 88 52
18 74 12
19 19 55
20 59 62
21 42 11
22 55 51
23 52 99
24 97 81
25 16 60
26 25 73
27 87 45
28 98 45
29 27 29
30 16 32
31 18 14
32 37 71
33 13 85
34 17 90
35 70 81
36 75 25
37 41 90
38 93 49
39 10 33
40 89 11
41 54 97
42 19 40
43 66 23
44 96 22
45 91 73
46 72 83
47 62 31
48 47 28
49 45 89
50 99 95
51 93 57
52 94 18
53 69 40
54 94 65
55 12 57
56 82 59
57 26 77
58 76 73
59 69 48
60 88 39
61 95 29
62 63 56
63 55 55
64 66 69
65 86 39
66 70 95
67 21 88
68 32 23
69 69 97
70 85 69
71 74 43
72 99 81
73 72 84
74 97 76
75 51 23
76 87 48
77 76 48
78 55 60
79 44 70
80 32 70
81 99 13
82 16 57
83 41 85
84 27 65
85 73 97
86 90 92
87 74 79
88 97 55
89 26 89
90 15 48
91 29 30
92 42 47
93 74 60
94 75 62
95 34 52
96 90 77
97 70 74
98 38 67
99 27 47
100 77 97
