1 24 42
2 58 21
3 76 33
4 78 47
5 97 68
6 97 95
7 32 50
8 51 45
9 69 70
10 38 18
11 91 17
12 87 97
13 18 23
14 52 10
15 32 40
16 61 86
17 19 31
18 88 76
19 47 59
20 93 15
21 26 70
22 23 21
23 99 53
24 41 29
25 11 61
26 90 34
27 87 46
28 66 75
29 74 30
30 58 96
31 18 81
32 70 42
33 63 89
34 62 46
35 65 60
36 10 36
37 73 21
38 14 98
39 17 14
40 34 24
41 23 81
42 27 14
43 44 26
44 24 19
45 64 69
46 15 31
47 23 97
48 80 24
49 24 81
50 68 63
51 62 26
52 53 53
53 93 87
54 79 85
55 23 62
56 88 57
57 75 10
58 86 60
59 12 30
60 93 22
61 69 80
62 21 85
63 44 49
64 25 31
65 79 11
66 24 25
67 95 40
68 13 14
69 20 76
70 13 84
71 79 96
72 49 96
73 19 30
74 83 58
75 72 24
76 76 51
77 23 71
78 41 86
79 14 21
80 59 35
81 93 11
82 54 88
83 82 65
84 76 59
85 77 47
86 96 40
87 91 80
88 13 46
89 72 50
90 41 54
91 82 78
92 78 70
93 36 49
94 60 29
95 38 91
96 27 80
97 52 81
98 94 40
99 10 96
100 44 44
