1 68 74
2 55 64
3 93 97
4 98 26
5 54 86
6 94 93
7 74 11
8 75 63
9 91 28
10 45 17
11 91 12
12 10 79
13 44 38
14 32 92
15 32 62
16 14 32
17 28 34
18 41 89
19 98 55
20 32 45
21 43 87
22 12 21
23 18 81
24 80 38
25 11 81
26 23 94
27 84 51
28 46 84
29 78 14
30 14 38
31 54 89
32 74 66
33 63 15
34 88 89
35 85 62
36 64 43
37 20 73
38 99 80
39 38 14
40 59 50
41 23 23
42 55 75
43 70 11
44 70 76
45 11 21
46 69 71
47 44 86
48 88 29
49 45 58
50 98 68
51 32 20
52 72 44
53 77 62
54 71 72
55 76 26
56 45 67
57 19 88
58 43 85
59 28 14
60 28 40
61 23 36
62 66 37
63 20 20
64 18 82
65 59 15
66 76 18
67 65 84
68 50 31
69 96 34
70 47 88
71 66 14
72 93 78
73 14 47
74 68 59
75 68 24
76 50 28
77 59 90
78 27 19
79 89 30
80 19 56
81 80 10
82 50 10
83 52 19
84 32 48
85 25 47
86 43 25
87 83 51
88 51 37
89 31 76
90 12 88
91 57 70
92 76 32
93 80 77
94 19 19
95 63 85
96 26 71
97 24 73
98 11 55
99 46 27
100 96 59
