1 89 74
2 80 99
3 33 94
4 96 26
5 28 91
6 59 79
7 24 95
8 45 59
9 96 94
10 21 44
11 90 75
12 38 29
13 59 43
14 48 10
15 71 25
16 31 29
17 78 56
18 38 63
19 83 72
20 71 83
21 74 29
22 73 47
23 43 78
24 24 10
25 45 82
26 64 10
27 18 81
28 85 28
29 88 15
30 23 27
31 69 19
32 85 77
33 20 91
34 17 77
35 13 80
36 25 59
37 20 42
38 93 28
39 30 71
40 39 15
41 47 57
42 46 86
43 75 20
44 27 21
45 65 21
46 22 72
47 55 86
48 81 47
49 27 29
50 61 68
51 16 74
52 90 76
53 98 69
54 56 33
55 98 12
56 30 75
57 40 71
58 12 15
59 82 98
60 93 52
61 17 50
62 15 17
63 73 23
64 64 25
65 16 80
66 99 10
67 58 78
68 20 38
69 37 16
70 89 92
71 12 31
72 87 28
73 49 29
74 70 45
75 61 42
76 40 25
77 63 45
78 97 94
79 32 42
80 94 18
81 28 77
82 76 31
83 35 80
84 10 59
85 68 62
86 34 12
87 76 33
88 91 34
89 33 96
90 52 28
91 51 14
92 83 67
93 33 31
94 58 82
95 74 58
96 13 29
97 68 50
98 24 69
99 67 63
100 87 22
