1 60 95
2 97 94
3 48 43
4 69 34
5 25 90
6 27 18
7 64 30
8 71 16
9 83 53
10 63 19
11 42 41
12 13 32
13 22 92
14 44 74
15 99 75
16 30 41
17 70 41
18 70 36
19 24 53
20 44 28
21 80 62
22 95 46
23 17 33
24 50 41
25 54 90
26 95 57
27 12 50
28 60 53
29 75 73
30 61 20
31 43 47
32 28 71
33 88 95
34 82 27
35 20 15
36 40 52
37 96 88
38 19 63
39 14 46
40 41 61
41 43 88
42 95 84
43 60 30
44 23 49
45 21 53
46 64 66
47 53 36
48 26 81
49 66 33
50 12 37
51 91 84
52 69 72
53 87 87
54 70 22
55 54 32
56 66 54
57 43 91
58 12 15
59 96 88
60 93 21
61 28 57
62 12 24
63 16 79
64 74 60
65 37 39
66 39 69
67 51 38
68 84 93
69 89 89
70 33 50
71 47 67
72 78 79
73 61 82
74 55 48
75 84 93
76 43 25
77 12 28
78 12 43
79 73 15
80 38 68
81 45 74
82 96 10
83 98 89
84 90 67
85 69 39
86 48 91
87 93 72
88 38 58
89 33 81
90 67 66
91 40 43
92 41 63
93 41 41
94 47 42
95 12 32
96 88 26
97 73 93
98 93 71
99 78 73
100 16 44
