1 51 44
2 85 37
3 90 85
4 26 39
5 25 29
6 76 86
7 41 90
8 65 93
9 11 81
10 61 50
11 89 81
12 49 31
13 10 65
14 93 91
15 96 58
16 26 49
17 63 80
18 82 17
19 39 67
20 26 61
21 54 45
22 85 38
23 84 35
24 91 34
25 11 75
26 73 33
27 82 49
28 64 74
29 10 52
30 14 54
31 15 64
32 38 42
33 39 51
34 26 87
35 43 78
36 96 98
37 41 12
38 80 54
39 82 51
40 88 73
41 33 41
42 83 71
43 10 54
44 50 75
45 40 32
46 75 93
47 94 42
48 97 61
49 19 84
50 26 30
51 19 26
52 23 70
53 25 50
54 28 13
55 54 28
56 16 52
57 91 35
58 76 80
59 83 30
60 18 40
61 13 69
62 96 65
63 98 22
64 46 76
65 27 88
66 71 84
67 17 43
68 62 96
69 71 72
70 26 31
71 68 61
72 66 76
73 58 99
74 80 42
75 75 21
76 23 81
77 47 39
78 91 21
79 18 31
80 99 56
81 76 59
82 26 25
83 82 63
84 72 80
85 17 62
86 80 40
87 76 72
88 58 72
89 12 21
90 41 55
91 75 85
92 55 95
93 24 38
94 89 77
95 98 83
96 81 30
97 49 92
98 45 92
99 27 14
100 26 13
