1 58 54
2 49 39
3 22 39
4 73 44
5 75 25
6 96 44
7 91 11
8 56 19
9 60 73
10 93 38
11 81 14
12 99 72
13 49 29
14 86 37
15 32 45
16 30 79
17 31 87
18 73 66
19 39 62
20 11 91
21 82 63
22 90 31
23 89 81
24 10 21
25 52 49
26 16 47
27 34 33
28 13 66
29 44 37
30 26 96
31 43 99
32 44 17
33 71 92
34 89 96
35 67 19
36 12 83
37 69 43
38 71 32
39 62 17
40 36 10
41 30 26
42 92 35
43 36 28
44 66 13
45 51 19
46 60 31
47 65 89
48 99 60
49 40 49
50 21 20
51 51 93
52 86 14
53 96 51
54 65 72
55 54 23
56 91 54
57 81 63
58 12 26
59 19 94
60 34 36
61 36 61
62 24 26
63 99 78
64 42 21
65 62 58
66 33 51
67 90 89
68 98 56
69 87 50
70 92 58
71 99 81
72 72 68
73 32 20
74 55 20
75 29 82
76 15 23
77 51 47
78 20 19
79 47 75
80 54 31
81 55 83
82 30 18
83 15 93
84 14 71
85 67 46
86 37 83
87 16 38
88 42 30
89 98 71
90 54 11
91 37 83
92 23 96
93 35 86
94 95 71
95 60 18
96 72 57
97 56 18
98 18 86
99 53 87
100 51 14
