1 46 29
2 36 57
3 37 61
4 58 59
5 15 71
6 68 33
7 29 73
8 62 90
9 81 22
10 85 85
11 93 27
12 42 84
13 16 86
14 80 57
15 24 74
16 64 40
17 74 57
18 39 24
19 95 41
20 45 77
21 38 92
22 37 85
23 92 34
24 81 28
25 84 18
26 92 55
27 86 55
28 48 68
29 22 20
30 18 81
31 16 22
32 60 48
33 28 97
34 17 63
35 22 87
36 24 99
37 43 87
38 41 48
39 17 56
40 55 43
41 25 15
42 78 90
43 81 65
44 30 75
45 63 74
46 81 38
47 31 39
48 92 66
49 91 88
50 51 95
51 68 89
52 38 25
53 16 54
54 14 46
55 99 50
56 84 93
57 69 95
58 28 48
59 18 72
60 44 70
61 62 43
62 42 80
63 12 77
64 89 33
65 43 96
66 65 65
67 66 69
68 24 62
69 80 82
70 55 55
71 97 98
72 28 67
73 66 47
74 16 99
75 34 59
76 20 33
77 34 36
78 51 89
79 72 58
80 54 29
81 96 13
82 58 55
83 24 42
84 39 92
85 16 73
86 52 16
87 71 34
88 28 36
89 89 32
90 93 45
91 94 28
92 63 31
93 48 70
94 38 46
95 44 99
96 37 31
97 29 63
98 25 75
99 45 76
100 52 58
