1 51 48
2 18 71
3 41 31
4 12 43
5 67 81
6 84 32
7 84 79
8 73 50
9 80 57
10 64 82
11 20 41
12 49 65
13 29 72
14 36 14
15 78 73
16 37 37
17 40 49
18 19 10
19 64 83
20 92 92
21 18 50
22 66 88
23 26 39
24 13 27
25 32 51
26 85 30
27 10 28
28 21 81
29 49 92
30 59 74
31 35 55
32 77 14
33 40 88
34 88 99
35 17 96
36 84 32
37 70 57
38 44 46
39 90 90
40 34 14
41 17 37
42 40 44
43 75 55
44 29 64
45 11 42
46 64 96
47 63 82
48 61 78
49 48 36
50 37 39
51 92 45
52 78 91
53 19 62
54 17 35
55 50 36
56 21 12
57 52 20
58 53 43
59 63 38
60 97 50
61 10 92
62 37 69
63 47 48
64 46 95
65 61 23
66 24 34
67 44 99
68 89 56
69 75 73
70 28 66
71 26 71
72 84 14
73 74 18
74 39 86
75 43 87
76 52 45
77 41 29
78 39 29
79 60 37
80 57 95
81 55 81
82 84 98
83 69 32
84 91 69
85 48 66
86 25 79
87 62 12
88 39 36
89 91 57
90 57 12
91 48 31
92 64 64
93 49 63
94 25 91
95 23 17
96 10 71
97 73 73
98 16 43
99 34 25
100 29 32
