1 13 94
2 10 58
3 25 75
4 77 78
5 22 62
6 20 29
7 47 88
8 37 28
9 44 52
10 83 31
11 74 46
12 66 79
13 43 36
14 86 30
15 19 15
16 39 72
17 52 52
18 39 84
19 15 31
20 87 43
21 71 56
22 29 60
23 87 59
24 87 98
25 28 79
26 32 79
27 14 15
28 34 45
29 70 12
30 53 24
31 94 45
32 85 32
33 62 76
34 88 30
35 45 92
36 82 59
37 59 49
38 85 47
39 80 76
40 70 57
41 32 40
42 69 14
43 76 64
44 43 89
45 59 98
46 76 64
47 97 42
48 34 19
49 52 64
50 33 12
51 53 93
52 76 91
53 14 48
54 71 20
55 15 64
56 15 10
57 23 77
58 41 74
59 90 16
60 63 71
61 46 69
62 54 72
63 84 28
64 51 90
65 46 27
66 72 68
67 60 99
68 36 83
69 84 69
70 72 65
71 87 52
72 55 85
73 29 69
74 54 12
75 82 79
76 86 55
77 25 79
78 52 88
79 99 73
80 29 81
81 82 17
82 48 97
83 94 78
84 72 12
85 99 30
86 77 12
87 65 85
88 63 90
89 66 34
90 39 44
91 61 35
92 98 71
93 31 51
94 41 80
95 12 32
96 66 71
97 89 45
98 20 85
99 89 75
100 29 47
