1 98 36
2 21 67
3 70 41
4 92 11
5 15 25
6 31 11
7 14 60
8 94 57
9 30 16
10 40 92
11 69 98
12 98 14
13 40 79
14 63 35
15 10 83
16 97 28
17 31 70
18 99 52
19 94 84
20 21 97
21 52 28
22 87 79
23 85 25
24 36 89
25 64 21
26 78 39
27 12 41
28 19 63
29 95 76
30 66 82
31 35 99
32 80 89
33 41 35
34 94 30
35 60 88
36 86 30
37 33 45
38 55 78
39 15 72
40 12 55
41 56 56
42 68 89
43 48 68
44 92 32
45 76 68
46 33 73
47 79 57
48 32 44
49 94 92
50 77 90
51 98 40
52 12 79
53 60 51
54 89 17
55 33 90
56 50 94
57 76 16
58 66 15
59 49 41
60 65 37
61 97 15
62 63 90
63 99 41
64 46 66
65 99 51
66 71 15
67 70 85
68 86 36
69 89 71
70 58 53
71 47 39
72 18 15
73 62 88
74 93 88
75 22 98
76 21 39
77 11 25
78 46 52
79 22 31
80 81 81
81 33 63
82 24 94
83 88 30
84 44 58
85 91 53
86 57 75
87 40 99
88 36 70
89 22 68
90 91 56
91 97 15
92 75 96
93 36 38
94 97 27
95 17 92
96 32 83
97 86 20
98 92 38
99 61 31
100 13 44
