1 72 97
2 23 18
3 52 50
4 82 91
5 46 68
6 80 14
7 37 62
8 65 24
9 36 30
10 45 16
11 78 41
12 65 64
13 78 36
14 63 69
15 42 60
16 87 10
17 67 65
18 11 44
19 73 13
20 71 24
21 68 61
22 13 28
23 96 26
24 86 58
25 91 12
26 47 48
27 35 64
28 46 73
29 20 42
30 92 83
31 79 38
32 55 49
33 36 42
34 56 83
35 68 15
36 42 86
37 33 21
38 42 95
39 47 73
40 21 58
41 93 62
42 68 95
43 64 55
44 97 68
45 85 88
46 26 17
47 34 33
48 68 16
49 54 94
50 27 90
51 22 78
52 43 50
53 10 41
54 92 24
55 14 25
56 96 27
57 26 23
58 34 46
59 45 20
60 53 85
61 90 39
62 52 61
63 66 24
64 65 71
65 45 72
66 49 37
67 17 75
68 54 93
69 23 67
70 20 14
71 53 19
72 40 66
73 61 42
74 27 64
75 65 11
76 89 44
77 26 86
78 27 72
79 96 87
80 24 57
81 62 99
82 54 37
83 49 53
84 42 28
85 12 32
86 83 63
87 57 59
88 54 16
89 58 55
90 59 91
91 74 79
92 53 69
93 47 63
94 63 79
95 64 51
96 83 54
97 79 88
98 57 15
99 61 22
100 94 75
