1 72 26
2 52 26
3 83 38
4 77 24
5 67 38
6 55 26
7 63 22
8 80 85
9 96 43
10 43 31
11 14 61
12 93 46
13 45 49
14 74 49
15 58 68
16 34 40
17 72 95
18 73 13
19 60 69
20 80 99
21 17 56
22 60 25
23 10 37
24 87 45
25 12 75
26 70 66
27 15 52
28 81 94
29 80 68
30 53 61
31 24 97
32 22 63
33 21 35
34 49 89
35 19 21
36 90 14
37 11 96
38 62 58
39 21 40
40 56 48
41 56 21
42 83 26
43 54 37
44 96 72
45 43 39
46 67 45
47 44 78
48 28 66
49 24 13
50 87 57
51 22 89
52 49 40
53 66 51
54 77 81
55 59 94
56 19 59
57 97 27
58 41 77
59 74 41
60 47 42
61 41 36
62 19 64
63 85 65
64 67 91
65 69 47
66 35 79
67 36 87
68 77 31
69 80 69
70 63 71
71 98 44
72 90 95
73 36 44
74 85 84
75 35 81
76 81 75
77 48 11
78 41 18
79 98 51
80 27 57
81 93 96
82 82 97
83 27 82
84 64 23
85 90 13
86 53 96
87 17 14
88 89 15
89 25 93
90 39 81
91 36 12
92 55 67
93 27 74
94 63 67
95 51 50
96 65 64
97 27 11
98 57 52
99 48 19
100 62 26
