1 84 42
2 17 28
3 37 59
4 46 58
5 26 23
6 35 18
7 14 79
8 91 41
9 61 54
10 22 76
11 71 61
12 70 68
13 66 52
14 10 34
15 85 21
16 63 20
17 31 61
18 95 61
19 71 81
20 43 30
21 68 15
22 57 69
23 38 85
24 48 31
25 10 79
26 94 90
27 26 60
28 39 60
29 86 80
30 36 54
31 75 94
32 86 45
33 28 74
34 76 67
35 30 72
36 24 59
37 84 93
38 80 15
39 87 51
40 50 16
41 43 60
42 88 31
43 99 28
44 42 58
45 89 57
46 34 59
47 96 68
48 63 31
49 69 71
50 64 40
51 14 34
52 53 68
53 32 97
54 29 74
55 36 49
56 50 99
57 65 65
58 97 83
59 54 17
60 21 71
61 39 83
62 56 98
63 94 93
64 25 54
65 32 69
66 47 66
67 11 40
68 33 28
69 46 22
70 29 57
71 68 29
72 25 13
73 76 93
74 51 15
75 87 95
76 75 83
77 99 82
78 78 67
79 44 96
80 64 79
81 18 33
82 60 84
83 86 79
84 61 26
85 94 19
86 74 99
87 12 94
88 68 99
89 10 58
90 95 56
91 16 43
92 58 66
93 24 27
94 61 21
95 32 30
96 32 68
97 53 15
98 34 43
99 54 78
100 10 73
