1 17 22
2 25 25
3 94 45
4 84 54
5 95 64
6 42 34
7 59 29
8 34 46
9 25 32
10 74 19
11 59 23
12 35 18
13 10 42
14 95 67
15 56 77
16 55 20
17 30 23
18 64 99
19 11 23
20 25 71
21 28 14
22 96 61
23 57 23
24 36 73
25 98 96
26 96 52
27 60 88
28 33 95
29 85 79
30 63 59
31 72 33
32 45 48
33 54 72
34 96 74
35 34 96
36 81 88
37 16 18
38 88 49
39 69 51
40 63 58
41 22 29
42 81 24
43 52 48
44 89 63
45 87 81
46 68 35
47 75 90
48 50 99
49 43 72
50 98 40
51 19 81
52 69 94
53 31 91
54 67 69
55 77 67
56 40 70
57 98 44
58 17 87
59 62 16
60 74 61
61 74 13
62 22 83
63 60 15
64 69 73
65 16 74
66 66 88
67 25 77
68 24 20
69 41 56
70 86 85
71 34 82
72 73 14
73 41 85
74 27 75
75 55 62
76 92 96
77 10 89
78 21 43
79 51 35
80 85 82
81 55 42
82 40 48
83 22 34
84 73 17
85 34 14
86 90 73
87 19 41
88 48 48
89 43 39
90 30 30
91 76 24
92 27 25
93 32 82
94 44 37
95 95 12
96 12 54
97 19 19
98 53 56
99 87 30
100 35 35
