1 94 35
2 91 16
3 84 25
4 54 59
5 83 77
6 75 24
7 55 43
8 21 52
9 68 65
10 85 56
11 24 25
12 74 86
13 12 84
14 60 90
15 69 73
16 18 28
17 17 24
18 24 79
19 18 35
20 27 84
21 14 87
22 71 66
23 62 44
24 86 92
25 88 99
26 27 94
27 67 95
28 53 64
29 77 41
30 37 90
31 91 42
32 26 24
33 44 54
34 61 49
35 35 60
36 24 77
37 37 36
38 37 25
39 62 77
40 32 26
41 22 32
42 70 52
43 64 14
44 38 15
45 41 35
46 47 42
47 63 48
48 21 25
49 72 65
50 41 21
51 65 69
52 31 74
53 82 62
54 64 95
55 94 16
56 52 76
57 49 51
58 12 13
59 63 28
60 36 97
61 76 10
62 11 68
63 34 50
64 88 66
65 94 15
66 20 99
67 67 85
68 74 18
69 24 81
70 35 64
71 61 98
72 67 34
73 81 71
74 31 15
75 33 56
76 32 63
77 44 92
78 82 92
79 46 49
80 65 58
81 14 16
82 20 33
83 83 35
84 84 20
85 40 52
86 22 11
87 37 73
88 66 60
89 20 55
90 99 82
91 26 41
92 48 58
93 46 52
94 67 71
95 71 26
96 66 34
97 17 15
98 34 70
99 94 60
100 87 23
