1 53 88
2 10 29
3 39 29
4 56 56
5 19 85
6 41 77
7 41 80
8 41 85
9 56 88
10 83 78
11 87 57
12 58 49
13 25 71
14 96 70
15 19 24
16 94 80
17 41 99
18 57 30
19 25 68
20 44 61
21 62 26
22 94 79
23 82 74
24 16 19
25 57 75
26 73 16
27 20 84
28 80 46
29 41 93
30 43 88
31 32 78
32 55 39
33 60 48
34 35 99
35 28 31
36 73 51
37 73 70
38 20 88
39 27 92
40 51 82
41 59 92
42 40 89
43 14 87
44 79 61
45 59 16
46 15 18
47 68 63
48 98 66
49 82 34
50 34 27
51 23 25
52 44 65
53 90 74
54 22 42
55 91 12
56 42 71
57 76 97
58 19 37
59 27 31
60 58 12
61 36 59
62 43 76
63 91 16
64 91 68
65 65 43
66 80 29
67 99 61
68 25 33
69 60 14
70 58 80
71 33 35
72 37 23
73 43 40
74 24 38
75 10 37
76 74 70
77 56 46
78 83 23
79 69 53
80 49 33
81 29 48
82 68 97
83 76 83
84 73 78
85 41 11
86 94 14
87 83 75
88 18 38
89 60 59
90 12 94
91 16 69
92 49 46
93 41 62
94 68 55
95 78 93
96 92 55
97 38 15
98 43 92
99 32 88
100 47 33
