1 12 96
2 88 33
3 67 10
4 58 98
5 55 31
6 28 59
7 44 50
8 95 68
9 57 54
10 72 90
11 69 10
12 18 21
13 10 30
14 66 55
15 69 63
16 15 69
17 48 94
18 27 23
19 99 16
20 43 47
21 96 84
22 42 17
23 30 47
24 23 33
25 56 74
26 72 60
27 95 47
28 39 92
29 31 99
30 26 45
31 24 60
32 85 28
33 93 38
34 32 44
35 64 14
36 48 18
37 44 90
38 55 41
39 31 55
40 62 15
41 88 77
42 53 99
43 40 92
44 72 14
45 96 17
46 23 46
47 54 64
48 99 16
49 65 28
50 34 44
51 51 24
52 96 96
53 18 22
54 38 16
55 50 74
56 60 51
57 87 27
58 57 80
59 73 28
60 99 26
61 97 13
62 75 44
63 64 57
64 10 15
65 10 57
66 61 13
67 54 50
68 79 65
69 91 62
70 69 16
71 61 32
72 40 32
73 15 69
74 18 53
75 53 94
76 20 96
77 76 36
78 12 55
79 34 73
80 12 49
81 62 30
82 21 47
83 96 47
84 86 91
85 39 85
86 20 12
87 16 78
88 94 99
89 41 56
90 13 44
91 94 55
92 87 65
93 93 29
94 80 93
95 11 37
96 66 89
97 88 80
98 83 95
99 82 91
100 45 73
