1 40 59
2 61 93
3 49 35
4 23 16
5 38 36
6 82 74
7 40 80
8 22 46
9 64 57
10 61 26
11 95 86
12 81 61
13 92 50
14 36 43
15 67 74
16 53 31
17 66 66
18 71 59
19 59 34
20 21 48
21 27 82
22 91 65
23 23 30
24 86 42
25 51 81
26 93 42
27 15 77
28 94 90
29 48 58
30 29 77
31 37 41
32 24 18
33 89 37
34 57 86
35 58 55
36 76 26
37 12 21
38 38 89
39 48 47
40 34 95
41 62 64
42 40 54
43 12 91
44 52 11
45 40 11
46 60 77
47 66 29
48 72 39
49 90 89
50 74 51
51 33 52
52 77 68
53 79 97
54 97 59
55 46 33
56 89 48
57 46 63
58 13 32
59 53 19
60 53 88
61 76 14
62 90 56
63 39 52
64 50 30
65 65 23
66 89 10
67 51 92
68 45 74
69 24 90
70 41 42
71 28 34
72 66 64
73 29 97
74 77 82
75 81 18
76 88 20
77 93 58
78 22 41
79 92 95
80 29 69
81 51 67
82 18 35
83 51 67
84 55 98
85 91 24
86 86 97
87 44 15
88 64 63
89 43 22
90 66 94
91 57 36
92 22 77
93 29 44
94 11 86
95 26 93
96 78 44
97 27 33
98 71 77
99 13 23
100 27 38
