1 67 20
2 38 52
3 69 91
4 27 56
5 33 30
6 77 89
7 65 31
8 63 45
9 33 19
10 86 55
11 84 70
12 73 62
13 28 78
14 88 85
15 78 49
16 64 32
17 36 77
18 64 13
19 71 38
20 43 36
21 13 85
22 12 24
23 97 57
24 39 45
25 59 22
26 73 95
27 28 89
28 87 91
29 86 16
30 57 64
31 49 43
32 44 91
33 21 83
34 61 11
35 38 48
36 39 90
37 65 42
38 42 87
39 12 57
40 85 59
41 17 29
42 60 54
43 64 61
44 21 23
45 67 88
46 95 82
47 60 15
48 74 91
49 94 99
50 34 63
51 29 59
52 45 21
53 35 75
54 54 95
55 92 82
56 10 75
57 64 37
58 34 85
59 69 16
60 50 56
61 10 49
62 74 95
63 92 81
64 57 14
65 76 82
66 92 22
67 29 28
68 56 63
69 88 46
70 46 66
71 43 93
72 14 28
73 34 83
74 17 64
75 94 93
76 90 44
77 23 46
78 22 60
79 24 74
80 13 91
81 96 79
82 93 15
83 32 55
84 59 31
85 63 95
86 94 12
87 84 20
88 89 88
89 71 50
90 72 52
91 11 59
92 87 67
93 21 96
94 97 61
95 17 92
96 33 17
97 21 89
98 46 12
99 82 30
100 75 54
