1 31 20
2 65 19
3 96 89
4 57 53
5 38 62
6 41 12
7 28 77
8 62 98
9 83 26
10 52 19
11 11 51
12 68 66
13 96 63
14 25 76
15 75 58
16 78 51
17 53 97
18 49 83
19 13 20
20 89 79
21 53 91
22 81 75
23 69 13
24 41 69
25 80 99
26 64 23
27 24 11
28 40 38
29 54 30
30 25 40
31 97 24
32 29 89
33 59 85
34 53 16
35 11 24
36 80 57
37 46 88
38 44 71
39 64 25
40 87 16
41 64 40
42 88 99
43 48 64
44 71 30
45 28 72
46 45 56
47 13 68
48 66 32
49 38 87
50 92 24
51 47 67
52 42 41
53 83 77
54 85 64
55 51 25
56 93 62
57 74 28
58 17 88
59 14 17
60 17 42
61 38 46
62 15 42
63 72 50
64 31 39
65 65 63
66 55 89
67 22 12
68 73 92
69 51 13
70 30 88
71 72 14
72 88 47
73 74 84
74 42 64
75 79 90
76 93 68
77 46 32
78 70 69
79 61 86
80 79 12
81 53 70
82 14 12
83 64 27
84 23 93
85 27 83
86 76 93
87 90 29
88 66 17
89 38 14
90 43 51
91 47 44
92 86 38
93 32 63
94 37 36
95 35 67
96 71 52
97 35 93
98 67 45
99 91 54
100 39 53
