1 22 69
2 50 21
3 51 23
4 50 37
5 87 58
6 35 81
7 73 61
8 48 61
9 80 14
10 97 86
11 33 84
12 16 98
13 88 38
14 66 98
15 12 89
16 42 16
17 11 80
18 71 48
19 58 33
20 20 63
21 86 40
22 60 83
23 46 59
24 32 10
25 66 85
26 18 95
27 87 15
28 20 72
29 28 66
30 85 64
31 44 78
32 41 35
33 91 99
34 40 32
35 39 41
36 69 31
37 69 52
38 73 29
39 37 16
40 40 86
41 61 61
42 63 87
43 70 43
44 74 36
45 53 23
46 55 55
47 89 89
48 23 34
49 81 38
50 81 37
51 80 44
52 62 33
53 42 26
54 87 64
55 52 43
56 76 10
57 54 83
58 17 68
59 54 19
60 93 46
61 24 25
62 97 67
63 77 77
64 87 84
65 75 90
66 70 49
67 74 84
68 75 57
69 54 17
70 27 79
71 17 47
72 35 51
73 55 63
74 16 24
75 11 11
76 20 73
77 39 85
78 65 16
79 70 23
80 46 49
81 93 53
82 20 78
83 28 68
84 96 47
85 54 54
86 91 75
87 17 32
88 54 35
89 65 88
90 91 74
91 11 69
92 70 54
93 23 40
94 53 84
95 81 59
96 43 75
97 38 24
98 59 78
99 82 63
100 33 35
