1 12 20
2 25 72
3 51 88
4 28 25
5 54 86
6 59 69
7 93 41
8 99 45
9 46 25
10 20 16
11 80 98
12 82 49
13 75 73
14 71 55
15 77 50
16 65 73
17 86 47
18 83 83
19 47 25
20 47 85
21 35 91
22 95 25
23 17 33
24 57 88
25 87 39
26 44 92
27 17 57
28 62 62
29 79 51
30 48 15
31 92 28
32 32 40
33 30 42
34 83 31
35 30 21
36 25 35
37 59 47
38 80 76
39 98 96
40 29 65
41 19 78
42 99 60
43 13 44
44 66 32
45 70 36
46 48 63
47 64 53
48 98 36
49 39 60
50 47 57
51 58 26
52 10 66
53 99 28
54 78 96
55 74 73
56 86 94
57 60 24
58 66 56
59 81 10
60 24 32
61 25 30
62 85 27
63 73 75
64 82 41
65 81 72
66 17 54
67 91 68
68 57 99
69 23 28
70 65 79
71 49 74
72 59 94
73 95 21
74 55 65
75 56 63
76 52 44
77 99 32
78 37 13
79 64 35
80 62 78
81 15 37
82 75 18
83 22 61
84 40 61
85 11 38
86 17 28
87 40 39
88 42 91
89 26 35
90 42 33
91 83 43
92 19 95
93 96 40
94 32 37
95 36 75
96 49 40
97 40 33
98 47 57
99 34 77
100 61 73
