1 42 92
2 91 71
3 94 39
4 91 59
5 64 51
6 57 88
7 78 38
8 13 26
9 62 88
10 29 18
11 97 57
12 32 47
13 33 74
14 21 93
15 68 54
16 28 37
17 67 99
18 79 49
19 11 87
20 73 54
21 75 80
22 23 53
23 89 61
24 53 61
25 73 30
26 77 33
27 65 35
28 21 23
29 86 20
30 16 71
31 95 62
32 48 67
33 79 12
34 36 90
35 33 21
36 52 18
37 26 20
38 25 68
39 20 88
40 42 99
41 34 15
42 78 53
43 81 88
44 77 53
45 63 25
46 30 57
47 39 89
48 82 61
49 88 71
50 49 39
51 74 61
52 16 68
53 41 27
54 18 30
55 47 90
56 40 27
57 86 10
58 40 96
59 42 82
60 25 44
61 63 72
62 37 43
63 60 98
64 64 56
65 66 54
66 94 91
67 70 43
68 29 57
69 55 14
70 83 97
71 30 60
72 34 30
73 71 96
74 36 65
75 27 97
76 94 21
77 86 70
78 71 34
79 34 27
80 82 31
81 41 65
82 41 44
83 38 42
84 95 21
85 75 45
86 20 34
87 32 46
88 78 96
89 68 91
90 48 69
91 51 52
92 96 85
93 96 54
94 30 27
95 99 73
96 47 60
97 15 85
98 32 32
99 87 31
100 22 74
