1 81 57
2 33 45
3 11 28
4 49 26
5 76 30
6 70 71
7 31 71
8 83 39
9 64 17
10 15 65
11 57 65
12 52 98
13 49 84
14 42 79
15 94 85
16 42 18
17 18 26
18 50 83
19 56 28
20 98 74
21 35 52
22 87 96
23 25 49
24 36 94
25 54 98
26 36 17
27 79 77
28 91 42
29 61 85
30 94 54
31 40 50
32 57 53
33 88 82
34 58 38
35 32 71
36 44 29
37 61 72
38 55 82
39 45 70
40 39 94
41 30 74
42 91 52
43 44 21
44 28 67
45 42 65
46 55 49
47 81 67
48 89 61
49 33 32
50 45 74
51 22 67
52 80 56
53 48 39
54 17 77
55 53 96
56 83 56
57 38 30
58 91 48
59 99 48
60 78 93
61 44 44
62 12 76
63 96 84
64 54 32
65 10 16
66 41 52
67 10 60
68 88 98
69 43 60
70 96 45
71 67 97
72 93 60
73 95 30
74 85 22
75 76 59
76 73 77
77 95 60
78 93 41
79 94 22
80 22 27
81 53 61
82 97 74
83 26 38
84 62 23
85 64 39
86 41 89
87 53 30
88 70 36
89 69 32
90 48 78
91 88 92
92 79 89
93 87 46
94 55 69
95 82 90
96 38 17
97 49 83
98 36 17
99 21 56
100 38 64
