1 71 26
2 37 75
3 90 69
4 83 47
5 55 36
6 64 31
7 21 29
8 51 42
9 50 94
10 30 92
11 60 65
12 89 85
13 72 37
14 54 84
15 26 34
16 19 17
17 27 15
18 76 76
19 57 70
20 43 26
21 48 66
22 45 59
23 75 74
24 16 24
25 65 64
26 36 87
27 83 89
28 62 85
29 57 55
30 23 20
31 35 81
32 46 19
33 77 45
34 77 96
35 87 32
36 70 81
37 58 76
38 32 49
39 32 85
40 36 91
41 36 89
42 86 68
43 41 24
44 23 52
45 74 62
46 12 67
47 65 90
48 93 75
49 48 15
50 94 29
51 24 35
52 57 24
53 79 66
54 71 14
55 26 67
56 44 32
57 22 70
58 43 47
59 84 87
60 82 34
61 93 29
62 56 29
63 54 20
64 82 21
65 76 65
66 48 46
67 94 16
68 79 38
69 26 91
70 34 82
71 61 29
72 99 66
73 15 56
74 77 35
75 61 27
76 86 26
77 79 56
78 20 57
79 88 67
80 79 13
81 69 51
82 26 97
83 74 45
84 33 89
85 67 30
86 66 14
87 11 27
88 13 40
89 62 51
90 74 72
91 76 36
92 59 18
93 26 45
94 89 74
95 70 31
96 69 12
97 74 35
98 51 79
99 94 53
100 70 69
