1 34 10
2 78 86
3 39 75
4 73 14
5 10 65
6 96 66
7 33 60
8 87 43
9 48 33
10 76 57
11 38 16
12 55 80
13 77 66
14 65 87
15 71 28
16 70 96
17 74 77
18 60 56
19 42 73
20 94 24
21 31 19
22 27 85
23 64 14
24 42 38
25 32 71
26 60 75
27 34 19
28 89 95
29 95 94
30 63 12
31 21 52
32 88 51
33 47 93
34 35 57
35 41 25
36 73 58
37 15 61
38 22 84
39 74 12
40 52 76
41 58 22
42 95 43
43 82 35
44 45 37
45 55 33
46 44 51
47 81 93
48 84 39
49 52 32
50 52 99
51 69 73
52 44 43
53 12 65
54 83 56
55 50 44
56 45 32
57 26 97
58 13 78
59 39 31
60 21 30
61 17 71
62 23 36
63 26 39
64 93 63
65 33 41
66 39 31
67 57 68
68 68 94
69 93 96
70 36 21
71 79 82
72 32 80
73 29 58
74 35 96
75 26 32
76 17 62
77 10 34
78 68 70
79 48 47
80 40 41
81 38 28
82 32 42
83 98 64
84 83 30
85 37 50
86 28 55
87 10 36
88 44 26
89 23 99
90 57 40
91 62 43
92 57 89
93 94 78
94 61 47
95 32 68
96 81 93
97 98 85
98 16 27
99 76 80
100 22 90
