1 11 50
2 72 38
3 45 84
4 39 49
5 35 83
6 93 99
7 46 15
8 26 98
9 39 18
10 52 79
11 95 88
12 41 26
13 58 46
14 67 96
15 11 11
16 11 77
17 72 83
18 29 38
19 24 70
20 30 57
21 94 43
22 76 69
23 23 62
24 14 42
25 64 76
26 27 86
27 95 25
28 12 23
29 57 14
30 97 88
31 99 26
32 96 66
33 55 59
34 91 84
35 27 40
36 14 57
37 71 75
38 58 62
39 41 95
40 47 62
41 18 16
42 73 54
43 29 24
44 35 73
45 17 22
46 28 59
47 53 27
48 52 33
49 90 89
50 45 96
51 44 12
52 28 10
53 20 54
54 19 66
55 57 77
56 84 37
57 67 81
58 54 80
59 72 40
60 17 64
61 58 64
62 97 35
63 27 62
64 15 89
65 91 17
66 14 19
67 40 43
68 50 56
69 54 60
70 22 95
71 23 43
72 27 89
73 98 28
74 15 88
75 32 74
76 22 12
77 41 63
78 87 52
79 54 93
80 67 32
81 92 20
82 88 65
83 34 26
84 31 46
85 34 18
86 10 60
87 38 57
88 75 16
89 68 18
90 44 48
91 83 44
92 46 56
93 98 92
94 16 59
95 58 91
96 61 63
97 40 45
98 61 39
99 10 64
100 96 94
