1 72 52
2 30 33
3 76 37
4 51 53
5 83 99
6 14 68
7 68 19
8 77 64
9 50 43
10 30 74
11 38 91
12 88 88
13 89 23
14 79 79
15 29 26
16 10 61
17 46 48
18 74 32
19 19 17
20 52 74
21 85 78
22 57 58
23 81 86
24 61 44
25 52 95
26 59 93
27 74 14
28 52 14
29 58 19
30 89 28
31 59 17
32 50 51
33 10 55
34 60 62
35 49 46
36 52 17
37 82 61
38 83 56
39 63 35
40 11 90
41 92 60
42 24 98
43 24 38
44 76 91
45 26 20
46 73 45
47 90 51
48 55 55
49 36 91
50 58 56
51 84 48
52 81 59
53 90 35
54 26 45
55 25 80
56 14 30
57 60 20
58 28 66
59 73 95
60 84 84
61 19 41
62 11 77
63 65 29
64 16 32
65 99 34
66 73 30
67 31 63
68 22 97
69 10 99
70 67 49
71 57 17
72 16 63
73 65 45
74 13 31
75 47 19
76 63 96
77 57 62
78 44 29
79 62 93
80 75 92
81 33 74
82 77 85
83 25 95
84 52 43
85 36 61
86 92 29
87 46 68
88 51 34
89 34 30
90 95 91
91 38 31
92 87 55
93 34 92
94 20 58
95 92 76
96 71 65
97 82 67
98 19 58
99 50 65
100 89 29
