231127 0
239166 0
232420 0
224077 0
235054 0
229181 0
225540 0
228136 0
213003 0
218229 0
231653 0
224449 0
247749 0
238643 0
231800 0
257971 0
238486 0
230865 0
237943 0
226092 0
215331 0
237398 0
229986 0
255804 0
248967 0
225203 0
230021 0
250035 0
235925 0
231250 0
221298 0
226711 0
251527 0
241266 0
230255 0
225566 0
245711 0
224086 0
241033 0
229102 0
250423 0
247569 0
213736 0
220652 0
249186 0
224763 0
226662 0
243344 0
227523 0
224696 0
227947 0
235261 0
243961 0
243790 0
235382 0
233829 0
218476 0
240587 0
251386 0
231040 0
247404 0
234907 0
236200 0
231164 0
222312 0
227306 0
238704 0
228578 0
206118 0
241428 0
218842 0
228051 0
210094 0
232317 0
223074 0
221041 0
232810 0
221205 0
240880 0
233708 0
243517 0
230604 0
234153 0
241552 0
221287 0
231070 0
245366 0
226200 0
236105 0
234091 0
228418 0
219335 0
229263 0
230177 0
255933 0
233399 0
223564 0
236972 0
214410 0
231072 0
226487 0
213466 0
235994 0
242105 0
222027 0
228786 0
244735 0
226250 0
242729 0
218578 0
225599 0
217620 0
243402 0
231549 0
223175 0
243596 0
234005 0
220562 0
244035 0
238050 0
232858 0
241570 0
249405 0
244065 0
240974 0
217032 0
243263 0
234932 0
221805 0
225690 0
243979 0
229224 0
211120 0
232017 0
248020 0
254669 0
216971 0
210769 0
233315 0
220526 0
231658 0
240949 0
219598 0
230346 0
222225 0
228754 0
218288 0
231313 0
240591 0
225881 0
215157 0
222661 0
220355 0
240059 0
216983 0
234658 0
220381 0
217754 0
241768 0
222282 0
240377 0
224627 0
233931 0
228381 0
239993 0
231294 0
249626 0
224404 0
243690 0
239782 0
227775 0
225191 0
223384 0
232556 0
232116 0
233494 0
232688 0
220831 0
222556 0
223655 0
226518 0
258105 0
232745 0
232548 0
218847 0
231630 0
238474 0
231716 0
225036 0
213926 0
223202 0
224639 0
220207 0
220091 0
225301 0
245414 0
217341 0
227255 0
260119 0
239347 0
245779 0
222584 0
242395 0
230196 0
239900 0
234016 0
214660 0
236768 0
218068 0
215038 0
249312 0
248608 0
232727 0
237052 0
249955 0
223444 0
216463 0
232012 0
214281 0
236910 0
230464 0
218690 0
222621 0
233277 0
244084 0
231499 0
243755 0
242333 0
228568 0
234450 0
217324 0
240815 0
241482 0
224762 0
230035 0
214739 0
238153 0
234157 0
245538 0
218126 0
215582 0
222226 0
220329 0
239969 0
222949 0
244824 0
222784 0
232223 0
238318 0
223217 0
223787 0
238605 0
237956 0
233284 0
215258 0
236026 0
244942 0
224529 0
248197 0
230024 0
231548 0
228805 0
250203 0
206220 0
217869 0
226870 0
221634 0
226169 0
236218 0
224753 0
225210 0
219116 0
233361 0
236629 0
235295 0
226862 0
200786 0
229301 0
226670 0
227016 0
222503 0
217795 0
243961 0
222261 0
242237 0
238218 0
226433 0
234571 0
230929 0
223751 0
228392 0
241106 0
235817 0
242564 0
230281 0
204407 0
237366 0
216119 0
246131 0
223171 0
241892 0
234840 0
221455 0
241464 0
223248 0
240287 0
233238 0
215866 0
201597 0
216594 0
259509 0
219893 0
219289 0
241558 0
225744 0
231624 0
226867 0
223847 0
247283 0
238851 0
249099 0
243281 0
235124 0
217419 0
238362 0
249171 0
217230 0
240930 0
240260 0
252117 0
241422 0
229597 0
223340 0
238090 0
221580 0
235797 0
220536 0
243334 0
225372 0
234949 0
208500 0
241830 0
230728 0
234372 0
224412 0
243899 0
235384 0
235898 0
227966 0
233424 0
226432 0
233923 0
225024 0
241478 0
228958 0
239783 0
226160 0
233325 0
238541 0
225308 0
228707 0
213278 0
226793 0
227660 0
244502 0
210626 0
221942 0
240133 0
239397 0
243141 0
227368 0
235340 0
230573 0
236020 0
224856 0
228698 0
229795 0
222031 0
229885 0
211766 0
219531 0
222865 0
233154 0
232687 0
219065 0
230546 0
243445 0
221663 0
248032 0
226380 0
225060 0
226945 0
225428 0
219460 0
225968 0
235659 0
244543 0
232222 0
239153 0
225895 0
252343 0
218974 0
224847 0
220101 0
232518 0
221810 0
230010 0
230600 0
216640 0
255742 0
223351 0
231015 0
219363 0
233409 0
223248 0
239841 0
218486 0
222561 0
220622 0
239974 0
235377 0
248137 0
222629 0
232244 0
246393 0
238972 0
241666 0
231361 0
230554 0
216743 0
234266 0
217273 0
232713 0
248387 0
237695 0
239431 0
242576 0
222541 0
221276 0
248347 0
234411 0
231368 0
242155 0
222006 0
236306 0
222176 0
247642 0
222697 0
230207 0
223478 0
240790 0
212217 0
221083 0
227830 0
223940 0
241809 0
242158 0
240579 0
253876 0
220410 0
216294 0
223979 0
237684 0
230452 0
214662 0
226700 0
233948 0
229814 0
214726 0
223011 0
228532 0
222920 0
227517 0
238207 0
230532 0
232133 0
250781 0
223740 0
234281 0
242379 0
226719 0
223780 0
225454 0
213291 0
212525 0
237575 0
215976 0
237104 0
229981 0
244906 0
230368 0
230357 0
235141 0
231806 0
231723 0
242219 0
242229 0
220354 0
209536 0
237579 0
232671 0
240995 0
252218 0
220833 0
233003 0
242576 0
248606 0
229767 0
224717 0
231188 0
230110 0
239947 0
230729 0
221566 0
204755 0
218142 0
226817 0
212074 0
234712 0
225877 0
231554 0
245486 0
224172 0
238046 0
200105 0
226251 0
239926 0
230678 0
249605 0
236895 0
248158 0
221914 0
231845 0
236601 0
244313 0
245301 0
232273 0
229478 0
227852 0
230917 0
248694 0
252292 0
232540 0
233686 0
241970 0
247927 0
252211 0
224872 0
228915 0
235538 0
230342 0
238004 0
241560 0
217450 0
219486 0
225951 0
242125 0
245448 0
231819 0
212995 0
242647 0
241113 0
231340 0
234308 0
227420 0
225727 0
235161 0
233751 0
214500 0
216392 0
226109 0
216981 0
204399 0
219449 0
257914 0
234701 0
210240 0
220144 0
210859 0
213719 0
220922 0
224831 0
236299 0
230185 0
230342 0
222918 0
248950 0
213719 0
221357 0
219917 0
219027 0
257529 0
231653 0
227083 0
238325 0
229146 0
231287 0
229058 0
223989 0
232989 0
229198 0
223896 0
229017 0
229186 0
231834 0
223098 0
226127 0
216385 0
236031 0
230268 0
221855 0
229187 0
243027 0
222876 0
216717 0
246977 0
221996 0
232675 0
224586 0
228689 0
232887 0
233163 0
228403 0
213054 0
209781 0
231791 0
244491 0
208768 0
236763 0
229459 0
232516 0
238063 0
232088 0
232632 0
232461 0
219595 0
239948 0
233869 0
240559 0
235085 0
222519 0
219180 0
228465 0
238312 0
203281 0
235841 0
243281 0
225800 0
222678 0
238136 0
222038 0
223906 0
244405 0
224795 0
219167 0
255447 0
221778 0
220239 0
234576 0
235934 0
225373 0
221729 0
241138 0
244942 0
217007 0
230542 0
214705 0
228788 0
230866 0
233251 0
234373 0
230647 0
257163 0
232351 0
230794 0
209071 0
249280 0
232054 0
216191 0
233010 0
246108 0
232073 0
208260 0
229016 0
227755 0
219600 0
217860 0
225401 0
237461 0
234212 0
234266 0
232271 0
220425 0
238458 0
235422 0
230452 0
219718 0
237854 0
228323 0
231919 0
232138 0
254495 0
258330 0
218794 0
242368 0
233145 0
228046 0
219885 0
224125 0
235666 0
220470 0
213083 0
223157 0
235341 0
238468 0
217937 0
238234 0
238160 0
230804 0
235388 0
244211 0
231565 0
241507 0
233747 0
244816 0
242771 0
216624 0
227408 0
216943 0
219387 0
233172 0
237937 0
224396 0
221793 0
247209 0
232970 0
259032 0
246594 0
229274 0
246317 0
228239 0
232076 0
229010 0
235745 0
222673 0
222181 0
216303 0
223259 0
249743 0
237286 0
234681 0
239889 0
233689 0
221544 0
227880 0
228094 0
225953 0
226245 0
231928 0
230700 0
249419 0
224632 0
241748 0
238502 0
234819 0
211350 0
226217 0
218616 0
222238 0
248403 0
236784 0
237481 0
218190 0
242698 0
248252 0
221388 0
251760 0
223314 0
227137 0
232830 0
231754 0
226788 0
220698 0
209939 0
237515 0
238875 0
223384 0
236082 0
238392 0
238022 0
243211 0
237376 0
229704 0
219393 0
231048 0
235303 0
214040 0
238909 0
230274 0
228316 0
216932 0
232039 0
234520 0
249152 0
227325 0
229776 0
229966 0
237714 0
229927 0
230851 0
258913 0
226928 0
225260 0
225183 0
232287 0
242849 0
228967 0
224694 0
237280 0
232191 0
232765 0
239683 0
219740 0
220494 0
211401 0
224143 0
232452 0
220242 0
225380 0
225173 0
225299 0
229439 0
227248 0
234434 0
234893 0
234103 0
237534 0
230219 0
224609 0
250356 0
210469 0
232179 0
233805 0
240535 0
227869 0
220620 0
230885 0
251248 0
221317 0
214044 0
227616 0
232629 0
245745 0
215925 0
224622 0
225785 0
221626 0
228800 0
232235 0
237304 0
246473 0
218651 0
229543 0
231463 0
232044 0
238420 0
215722 0
228567 0
229674 0
224026 0
239208 0
234520 0
212377 0
235776 0
217058 0
223649 0
220336 0
235235 0
241628 0
239853 0
218268 0
239342 0
220573 0
240952 0
225759 0
231179 0
228852 0
228105 0
223542 0
245108 0
220089 0
228417 0
236194 0
230066 0
238325 0
240692 0
232713 0
218114 0
222543 0
225071 0
224092 0
236460 0
224267 0
222734 0
233561 0
242712 0
240200 0
214081 0
224693 0
212950 0
234377 0
249343 0
234948 0
239661 0
260295 0
242691 0
257320 0
213333 0
232444 0
239420 0
233876 0
218847 0
218681 0
219851 0
247846 0
229883 0
236266 0
216847 0
210476 0
226539 0
231334 0
241246 0
233233 0
235977 0
211953 0
219553 0
234161 0
217384 0
213456 0
228618 0
220063 0
239388 0
223930 0
234809 0
226861 0
229584 0
233889 0
249354 0
226958 0
218714 0
230339 0
199223 0
241915 0
216313 0
249658 0
214822 0
223033 0
240275 0
225215 0
219341 0
229861 0
224405 0
229956 0
230039 0
221768 0
238999 0
224774 0
234829 0
235152 0
241057 0
214427 0
211458 0
258293 0
226058 0
223379 0
233698 0
223101 0
205468 0
224846 0
215755 0
217481 0
240731 0
224163 0
231600 0
239026 0
230994 0
243313 0
229975 0
230942 0
238473 0
226029 0
213234 0
225426 0
231561 0
218866 0
236616 0
241156 0
222262 0
226853 0
230515 0
241811 0
244018 0
210163 0
219772 0
219251 0
220939 0
231042 0
248884 0
237108 0
238219 0
227923 0
230751 0
229489 0
246003 0
222155 0
230414 0
234827 0
239459 0
241889 0
236403 0
217316 0
233464 0
227001 0
241403 0
242845 0
239403 0
244905 0
239444 0
227450 0
249549 0
237508 0
231341 0
229944 0
243117 0
232641 0
243873 0
231070 0
223185 0
251008 0
221987 0
235719 0
244419 0
230320 0
223974 0
234816 0
214103 0
205196 0
252541 0
247590 0
216616 0
234593 0
229975 0
211179 0
258110 0
216247 0
242448 0
230517 0
237559 0
232057 0
220537 0
244629 0
232838 0
218912 0
227653 0
250143 0
230084 0
228960 0
234764 0
218558 0
228309 0
225400 0
236941 0
212508 0
230530 0
237338 0
235000 0
232216 0
230010 0
211338 0
203690 0
210813 0
218685 0
204311 0
228790 0
231416 0
229493 0
233618 0
241204 0
236346 0
236192 0
229527 0
232927 0
234247 0
211253 0
251647 0
233003 0
231896 0
213940 0
228322 0
203173 0
223156 0
242638 0
223515 0
236353 0
221136 0
224176 0
239159 0
219778 0
230821 0
227241 0
223806 0
222660 0
221798 0
238999 0
233521 0
231774 0
236523 0
215643 0
230648 0
221576 0
217753 0
238112 0
237322 0
215127 0
218047 0
229766 0
219452 0
218440 0
231547 0
222411 0
227098 0
246653 0
237152 0
250180 0
220442 0
213493 0
215685 0
216159 0
224750 0
219860 0
245538 0
238834 0
217195 0
227399 0
224885 0
242657 0
224146 0
251875 0
217420 0
240644 0
222030 0
240874 0
228772 0
236188 0
232721 0
228773 0
232876 0
231714 0
228752 0
233022 0
245294 0
220619 0
214886 0
237019 0
224543 0
253887 0
236168 0
210135 0
259672 0
248055 0
231967 0
228374 0
204844 0
220053 0
225751 0
248098 0
235147 0
220337 0
240958 0
221996 0
234109 0
220817 0
224974 0
233949 0
231052 0
214181 0
215157 0
246090 0
222006 0
238074 0
222965 0
211927 0
225378 0
223077 0
231165 0
235048 0
225680 0
234595 0
218986 0
225758 0
231624 0
238943 0
235080 0
237843 0
245945 0
245286 0
226237 0
249991 0
249803 0
239053 0
225825 0
219579 0
244813 0
245567 0
220122 0
223202 0
222860 0
250370 0
230958 0
215628 0
248130 0
225913 0
227960 0
232677 0
237475 0
228414 0
245479 0
230435 0
219245 0
221911 0
224597 0
216597 0
228456 0
252747 0
250905 0
208879 0
227952 0
221512 0
233797 0
234107 0
235796 0
239485 0
233778 0
246568 0
227624 0
235842 0
233241 0
218294 0
238637 0
232907 0
232218 0
244338 0
252346 0
221802 0
198482 0
224789 0
219334 0
228806 0
217307 0
229490 0
222747 0
250439 0
221098 0
236620 0
220151 0
230492 0
233461 0
246115 0
227719 0
224784 0
213374 0
236669 0
222873 0
230010 0
231733 0
215767 0
224396 0
235593 0
208900 0
225638 0
236148 0
248070 0
239117 0
250995 0
241004 0
244839 0
225491 0
236098 0
227105 0
226369 0
218683 0
223863 0
222577 0
227864 0
222315 0
247044 0
222575 0
228966 0
251353 0
226035 0
214193 0
216783 0
222350 0
239409 0
228954 0
236157 0
239449 0
236297 0
247383 0
226684 0
206477 0
227403 0
239921 0
222100 0
222545 0
216206 0
237819 0
251582 0
236995 0
208180 0
240497 0
253522 0
232921 0
246681 0
220858 0
239522 0
226946 0
226409 0
212250 0
224071 0
214677 0
228472 0
225888 0
226705 0
229134 0
226959 0
208612 0
231202 0
208836 0
224908 0
218286 0
229486 0
243250 0
236731 0
227165 0
230310 0
258902 0
207487 0
226889 0
238086 0
224686 0
224897 0
227942 0
234793 0
242508 0
216649 0
247861 0
224713 0
212675 0
243937 0
227744 0
229137 0
229775 0
221952 0
210914 0
229349 0
242156 0
217861 0
244951 0
225698 0
230712 0
228654 0
239504 0
229762 0
227349 0
223541 0
227012 0
237904 0
234569 0
245694 0
228274 0
234924 0
207988 0
222502 0
242826 0
230903 0
238876 0
205488 0
215325 0
234829 0
220020 0
229333 0
223746 0
228258 0
236226 0
236531 0
229422 0
244283 0
230580 0
231264 0
225894 0
227977 0
257647 0
218505 0
227678 0
223662 0
227967 0
236537 0
236711 0
209740 0
219773 0
240142 0
234062 0
236067 0
224061 0
223247 0
234371 0
228269 0
236135 0
229434 0
234711 0
239117 0
227345 0
216134 0
224881 0
234530 0
226110 0
229013 0
247692 0
230360 0
241579 0
240591 0
239071 0
239155 0
236208 0
232716 0
230109 0
229574 0
246920 0
237011 0
229205 0
238897 0
221618 0
234325 0
236037 0
228233 0
236332 0
216928 0
233641 0
232562 0
228428 0
224212 0
230547 0
226408 0
227979 0
236090 0
239317 0
232125 0
244903 0
233678 0
251316 0
223417 0
234570 0
234047 0
230736 0
228294 0
218281 0
234228 0
220702 0
231164 0
242384 0
219351 0
234488 0
214003 0
236517 0
227569 0
226221 0
231701 0
248974 0
244413 0
239810 0
225078 0
245040 0
233459 0
236554 0
241600 0
250140 0
231272 0
220810 0
224894 0
224045 0
219790 0
241529 0
242637 0
232593 0
222812 0
226643 0
240586 0
228709 0
231285 0
219039 0
225330 0
242069 0
239049 0
239237 0
225099 0
227911 0
234321 0
252067 0
216329 0
235126 0
235989 0
235681 0
235034 0
212786 0
232470 0
234510 0
215003 0
238368 0
240386 0
246915 0
234691 0
222097 0
235458 0
230394 0
225377 0
245950 0
226830 0
220470 0
236504 0
243490 0
231378 0
240142 0
220502 0
240978 0
233811 0
250410 0
235268 0
203650 0
219511 0
242337 0
235368 0
242903 0
217822 0
236078 0
223292 0
225198 0
220547 0
234087 0
218026 0
228048 0
228658 0
218622 0
230509 0
213730 0
244598 0
236424 0
228326 0
231749 0
224250 0
215274 0
227758 0
232065 0
197180 0
233315 0
217184 0
223499 0
218980 0
234905 0
234445 0
242377 0
237560 0
221343 0
225619 0
221333 0
227566 0
225413 0
214403 0
238108 0
237584 0
227376 0
225593 0
229280 0
242862 0
223561 0
248095 0
233532 0
243524 0
227126 0
219141 0
237740 0
240029 0
223422 0
225271 0
236368 0
261237 0
219359 0
238720 0
239860 0
242928 0
225417 0
226601 0
215702 0
225751 0
229846 0
234299 0
212963 0
213310 0
246671 0
240522 0
235052 0
222561 0
241396 0
229604 0
230642 0
242443 0
253231 0
233050 0
234920 0
219271 0
223654 0
252399 0
212684 0
226618 0
225440 0
224066 0
228981 0
246200 0
222922 0
224986 0
232171 0
238616 0
226247 0
227380 0
235823 0
224898 0
219485 0
238594 0
255576 0
232166 0
237166 0
241958 0
220993 0
233224 0
216555 0
222400 0
216435 0
241242 0
239789 0
231914 0
224064 0
226820 0
219881 0
235687 0
246876 0
234996 0
247511 0
227799 0
233115 0
235815 0
219505 0
224471 0
230614 0
215459 0
231241 0
212577 0
221622 0
211347 0
242188 0
244603 0
232762 0
238504 0
231009 0
221426 0
265095 0
212833 0
221274 0
232321 0
222162 0
236545 0
247902 0
232833 0
233205 0
227843 0
230393 0
226007 0
224448 0
245395 0
244449 0
225573 0
230630 0
237618 0
246157 0
220921 0
225600 0
228395 0
219069 0
233427 0
224350 0
214174 0
218458 0
237028 0
226996 0
242116 0
215121 0
226343 0
233802 0
238059 0
215057 0
230499 0
232754 0
217150 0
253575 0
208074 0
231921 0
224261 0
229762 0
223059 0
232131 0
247526 0
243461 0
219902 0
206283 0
242435 0
224142 0
247258 0
227113 0
219861 0
239391 0
230491 0
235433 0
224049 0
223546 0
240414 0
237861 0
235131 0
236678 0
237376 0
244363 0
222420 0
248941 0
220250 0
232439 0
252255 0
221597 0
228262 0
218316 0
224884 0
219488 0
221223 0
227435 0
251006 0
228380 0
224732 0
238636 0
219986 0
218449 0
215911 0
227957 0
244568 0
222750 0
224865 0
239631 0
236481 0
235655 0
244887 0
229094 0
240438 0
206930 0
237885 0
232486 0
249297 0
236421 0
216205 0
229865 0
215726 0
243984 0
223559 0
216794 0
233214 0
229824 0
206526 0
227330 0
216542 0
225092 0
237966 0
238469 0
224021 0
223630 0
229539 0
234497 0
246856 0
230869 0
237653 0
234769 0
229077 0
220978 0
232395 0
237001 0
212691 0
234138 0
226250 0
236308 0
200682 0
216872 0
221541 0
227402 0
232432 0
244017 0
226482 0
242767 0
225346 0
252234 0
224787 0
214813 0
214908 0
233425 0
234815 0
215754 0
216951 0
228688 0
247698 0
229986 0
239571 0
236244 0
234699 0
232619 0
202314 0
222317 0
240670 0
240114 0
231992 0
244421 0
220474 0
238245 0
217443 0
226047 0
226109 0
224016 0
236234 0
216005 0
219390 0
240028 0
234329 0
238798 0
216835 0
225838 0
221863 0
220331 0
217575 0
227670 0
223883 0
221518 0
230586 0
227909 0
234994 0
216269 0
230557 0
219832 0
237847 0
242142 0
240736 0
232194 0
217892 0
251354 0
236366 0
233033 0
231381 0
227693 0
240287 0
224218 0
237994 0
224778 0
199701 0
219101 0
235655 0
225639 0
223056 0
228722 0
222489 0
233102 0
212063 0
216688 0
242639 0
251858 0
226791 0
235458 0
211351 0
256629 0
225069 0
207843 0
235788 0
237458 0
215606 0
234264 0
224631 0
226224 0
241869 0
234885 0
223897 0
232722 0
240164 0
224899 0
242861 0
226450 0
237787 0
228922 0
228701 0
236201 0
208318 0
235181 0
240533 0
250938 0
227808 0
226912 0
234481 0
232147 0
224483 0
228645 0
242782 0
244733 0
230515 0
227238 0
224241 0
230151 0
225358 0
230268 0
234116 0
226923 0
236400 0
232514 0
228609 0
229116 0
220629 0
235411 0
221928 0
233020 0
219275 0
242629 0
240190 0
228575 0
237135 0
231818 0
235484 0
232262 0
226844 0
243673 0
224106 0
221495 0
224624 0
216542 0
251549 0
228658 0
215227 0
233784 0
214134 0
223608 0
231072 0
217145 0
225539 0
242336 0
224280 0
238734 0
231126 0
230519 0
228229 0
211258 0
214505 0
230335 0
233769 0
227356 0
223531 0
229832 0
243985 0
222204 0
235355 0
237227 0
241223 0
224817 0
230879 0
229309 0
228948 0
238509 0
233196 0
215515 0
232895 0
245054 0
237805 0
249589 0
234415 0
232381 0
220221 0
227559 0
251103 0
226442 0
235148 0
220248 0
204508 0
230981 0
245162 0
241282 0
236367 0
227401 0
241448 0
227459 0
222261 0
238075 0
234022 0
232728 0
222340 0
225666 0
225452 0
239720 0
217108 0
205535 0
223624 0
235639 0
229805 0
214415 0
222602 0
213990 0
253216 0
241708 0
235653 0
242807 0
211511 0
218948 0
227724 0
236490 0
221240 0
228267 0
231953 0
222481 0
217309 0
214406 0
235364 0
234401 0
230140 0
236125 0
267440 0
241263 0
237441 0
216230 0
236085 0
228811 0
234103 0
236017 0
224358 0
246378 0
232988 0
251838 0
221602 0
233843 0
241856 0
224172 0
220474 0
231854 0
247602 0
230529 0
203760 0
245436 0
235237 0
235872 0
213494 0
227676 0
234706 0
209013 0
221090 0
249310 0
239625 0
234455 0
224550 0
223875 0
226675 0
227469 0
251984 0
209809 0
231845 0
224765 0
227229 0
238412 0
229724 0
226080 0
231887 0
227808 0
230348 0
234066 0
226300 0
223897 0
242107 0
244884 0
206591 0
255399 0
223713 0
229032 0
237840 0
240002 0
234747 0
235691 0
207575 0
232901 0
218590 0
235031 0
239049 0
230025 0
229839 0
232743 0
231625 0
239073 0
226932 0
220970 0
218303 0
232067 0
241551 0
227631 0
213954 0
214710 0
229019 0
223300 0
237965 0
207923 0
232191 0
226288 0
230772 0
225814 0
230275 0
212476 0
235930 0
239192 0
218209 0
214049 0
242891 0
229791 0
243621 0
210426 0
203513 0
238487 0
214734 0
206558 0
228574 0
229960 0
223660 0
230295 0
214951 0
245608 0
228478 0
232280 0
215156 0
225649 0
234093 0
227430 0
228297 0
254534 0
228419 0
223899 0
224227 0
227461 0
245044 0
224986 0
240937 0
227351 0
226629 0
232730 0
220703 0
233462 0
253088 0
237948 0
232095 0
215096 0
237524 0
247571 0
222290 0
220009 0
222045 0
245456 0
219137 0
228788 0
208075 0
231171 0
210838 0
221350 0
239307 0
227273 0
214520 0
241934 0
217391 0
223118 0
216711 0
232487 0
212819 0
243033 0
229942 0
210506 0
238558 0
244661 0
233423 0
228612 0
219974 0
218351 0
233700 0
237722 0
238172 0
212712 0
224141 0
224557 0
232596 0
257301 0
221766 0
243495 0
235456 0
236309 0
227983 0
243572 0
228465 0
236278 0
221504 0
222717 0
221374 0
224489 0
218198 0
234943 0
223588 0
238106 0
213748 0
239817 0
219540 0
230284 0
232654 0
234562 0
219304 0
236581 0
220629 0
218557 0
229833 0
231826 0
238660 0
211528 0
215918 0
221116 0
223667 0
241924 0
235075 0
231342 0
229559 0
224184 0
220039 0
231466 0
238931 0
234051 0
237283 0
237049 0
230368 0
227514 0
234785 0
214899 0
227887 0
245162 0
221240 0
217856 0
223048 0
224850 0
235007 0
216468 0
245065 0
218241 0
248051 0
245404 0
226196 0
229360 0
231604 0
227862 0
235390 0
244887 0
238802 0
251058 0
208697 0
223324 0
240976 0
203245 0
219572 0
217464 0
231117 0
227385 0
242390 0
232909 0
225723 0
246656 0
232101 0
215839 0
225361 0
223828 0
219743 0
217289 0
217444 0
229862 0
237201 0
215423 0
215700 0
206050 0
220611 0
223692 0
224631 0
242330 0
222592 0
234525 0
228949 0
223179 0
206242 0
232115 0
219476 0
223217 0
213133 0
209434 0
223099 0
216049 0
230672 0
243030 0
231009 0
240405 0
253443 0
212282 0
231632 0
235633 0
223002 0
247754 0
237847 0
243616 0
234176 0
233658 0
226055 0
228907 0
244180 0
235542 0
223997 0
224744 0
208670 0
228610 0
217209 0
217360 0
223351 0
251741 0
229841 0
207841 0
221479 0
243464 0
221899 0
206154 0
242208 0
238988 0
235828 0
246238 0
242926 0
240599 0
246834 0
221868 0
219484 0
234974 0
219284 0
237987 0
229739 0
228820 0
216867 0
234799 0
236998 0
231618 0
228278 0
250949 0
232219 0
225461 0
233807 0
246202 0
217837 0
240428 0
240392 0
228138 0
233762 0
214807 0
223770 0
222885 0
215219 0
237409 0
241365 0
222080 0
226919 0
227022 0
222606 0
220944 0
232485 0
231974 0
219246 0
229586 0
222232 0
231926 0
238300 0
229932 0
239981 0
226698 0
234933 0
236373 0
235902 0
213426 0
236904 0
241153 0
238695 0
233098 0
223373 0
221657 0
244925 0
230513 0
245503 0
239045 0
228769 0
220677 0
221105 0
247864 0
235690 0
221402 0
240441 0
250456 0
228028 0
225765 0
227594 0
214175 0
239628 0
233849 0
220601 0
241269 0
231583 0
245107 0
231231 0
219927 0
234654 0
215057 0
213338 0
211384 0
223085 0
225507 0
229983 0
224410 0
229616 0
228962 0
223121 0
233774 0
222700 0
226209 0
241531 0
201311 0
234236 0
242666 0
226509 0
233703 0
244850 0
236287 0
227284 0
247326 0
213577 0
242282 0
220262 0
235579 0
241173 0
238928 0
235685 0
225263 0
217936 0
239136 0
238340 0
246483 0
224255 0
227855 0
219682 0
234984 0
227688 0
240134 0
237791 0
207088 0
219656 0
219004 0
219898 0
229819 0
223999 0
226173 0
236642 0
221014 0
224174 0
246449 0
233808 0
235319 0
238081 0
226677 0
226483 0
236300 0
215879 0
222118 0
235073 0
231460 0
208677 0
219458 0
228588 0
228514 0
226990 0
222097 0
229943 0
214381 0
235309 0
228447 0
221863 0
213749 0
227776 0
236510 0
232857 0
238569 0
234541 0
240240 0
220940 0
245635 0
223626 0
234711 0
225793 0
207131 0
235638 0
251980 0
236037 0
225892 0
224557 0
231305 0
212972 0
234976 0
237669 0
221128 0
233273 0
212127 0
236950 0
216992 0
221936 0
228331 0
233826 0
225357 0
227228 0
224205 0
224444 0
234620 0
232163 0
222575 0
235548 0
217873 0
224611 0
255682 0
226900 0
224208 0
232169 0
250627 0
238193 0
214546 0
238818 0
211059 0
227412 0
231410 0
217310 0
234745 0
229342 0
226253 0
223854 0
238227 0
221219 0
228863 0
237021 0
247491 0
234556 0
234346 0
226950 0
229719 0
222108 0
219856 0
238451 0
219961 0
233351 0
241807 0
237186 0
230632 0
236166 0
250444 0
236205 0
226964 0
238769 0
227146 0
219878 0
226473 0
223912 0
238073 0
232293 0
214211 0
218087 0
251176 0
258013 0
233050 0
219193 0
258473 0
224802 0
220479 0
229832 0
220168 0
240579 0
230179 0
228471 0
216158 0
228676 0
230363 0
238590 0
245328 0
249029 0
214042 0
215346 0
233681 0
229243 0
242028 0
238709 0
229077 0
244767 0
215497 0
224710 0
238139 0
255923 0
215113 0
243916 0
218535 0
219436 0
215528 0
222501 0
214715 0
232360 0
234711 0
235347 0
240398 0
256933 0
226083 0
214537 0
220935 0
202168 0
226507 0
236130 0
224891 0
235779 0
240181 0
222419 0
220320 0
236019 0
233732 0
239039 0
223283 0
220960 0
230488 0
214807 0
227117 0
245219 0
217735 0
228086 0
249798 0
230552 0
213725 0
248254 0
242168 0
229387 0
221053 0
227672 0
254439 0
228517 0
223962 0
231574 0
222883 0
235141 0
228742 0
238367 0
231289 0
232580 0
225979 0
236028 0
252070 0
217934 0
222335 0
227431 0
237218 0
233567 0
229291 0
224271 0
236577 0
245994 0
229654 0
211845 0
217035 0
227326 0
236136 0
233421 0
225072 0
224266 0
237178 0
255513 0
206197 0
213837 0
227674 0
217836 0
246082 0
223558 0
221299 0
217971 0
232993 0
246526 0
223518 0
251712 0
229380 0
233453 0
215483 0
224335 0
240602 0
224139 0
221329 0
236969 0
238770 0
225654 0
239866 0
207056 0
239873 0
221596 0
234571 0
219168 0
229723 0
243111 0
244291 0
230920 0
233069 0
230499 0
238274 0
235535 0
234373 0
209935 0
252584 0
242650 0
237896 0
236923 0
221982 0
227831 0
217907 0
238295 0
232255 0
223233 0
230333 0
225734 0
228825 0
233875 0
234804 0
239173 0
215761 0
206325 0
235141 0
220988 0
226744 0
212379 0
227538 0
213048 0
232341 0
232300 0
228662 0
230815 0
198472 0
242462 0
245648 0
237841 0
246101 0
237126 0
226024 0
214907 0
249119 0
238232 0
260708 0
232008 0
240740 0
208825 0
234155 0
213953 0
230426 0
232551 0
221918 0
242886 0
222555 0
224346 0
227766 0
243572 0
231219 0
236609 0
238101 0
255823 0
238353 0
234701 0
237003 0
240478 0
232981 0
225129 0
216043 0
225898 0
228798 0
232108 0
229417 0
223918 0
235525 0
216372 0
236746 0
245200 0
223034 0
239039 0
227364 0
232366 0
229449 0
230834 0
233051 0
232932 0
238865 0
223391 0
220769 0
244368 0
217253 0
234677 0
231428 0
225912 0
220686 0
237430 0
244283 0
222601 0
241710 0
258252 0
239595 0
222206 0
225178 0
218227 0
232013 0
230815 0
213909 0
221848 0
232738 0
227392 0
242418 0
239345 0
236601 0
226764 0
212606 0
227021 0
240568 0
215590 0
224169 0
231573 0
212408 0
241229 0
217045 0
227504 0
230762 0
239355 0
229564 0
240206 0
233804 0
225557 0
229588 0
229466 0
219287 0
231704 0
229088 0
228079 0
241718 0
234076 0
241343 0
221691 0
241185 0
230622 0
211628 0
226322 0
236599 0
210564 0
243868 0
232961 0
231334 0
215992 0
242803 0
210365 0
222487 0
237999 0
239636 0
229219 0
250981 0
227863 0
232443 0
232945 0
229466 0
226883 0
227611 0
216422 0
225832 0
224244 0
212943 0
233636 0
204124 0
236669 0
223502 0
236036 0
252929 0
234151 0
256699 0
236831 0
234194 0
230009 0
239344 0
215093 0
232592 0
233711 0
240588 0
232348 0
228379 0
239531 0
231759 0
228573 0
229495 0
225720 0
243796 0
229869 0
227198 0
243555 0
239622 0
225411 0
228943 0
224101 0
221899 0
251007 0
229622 0
229452 0
239814 0
216253 0
230743 0
214020 0
213758 0
232830 0
245790 0
216247 0
228318 0
238827 0
236865 0
211530 0
211176 0
227628 0
231667 0
220911 0
230103 0
223144 0
226545 0
218521 0
232508 0
234327 0
238489 0
227740 0
228713 0
234201 0
245608 0
210690 0
204375 0
230034 0
237385 0
231516 0
235753 0
219164 0
221367 0
216924 0
242630 0
193312 0
233352 0
228377 0
238507 0
227572 0
225033 0
240938 0
228697 0
246081 0
232254 0
233116 0
220432 0
250780 0
228120 0
231842 0
221895 0
224900 0
229898 0
218348 0
231234 0
237938 0
245396 0
228801 0
223909 0
230585 0
227341 0
240144 0
232870 0
244293 0
228813 0
230104 0
222499 0
224897 0
230324 0
242167 0
218272 0
214128 0
241248 0
235193 0
248140 0
225307 0
255077 0
223780 0
227287 0
227526 0
240236 0
227972 0
235751 0
239467 0
243698 0
234946 0
227389 0
227718 0
213316 0
237806 0
235961 0
234438 0
252122 0
238162 0
237501 0
238820 0
241371 0
222711 0
212980 0
238764 0
207719 0
245249 0
219744 0
245202 0
213322 0
257457 0
222026 0
230044 0
253738 0
224165 0
228170 0
221202 0
225929 0
210625 0
232382 0
237010 0
245442 0
225983 0
241192 0
218792 0
231105 0
220599 0
225405 0
224190 0
228377 0
242606 0
241338 0
222974 0
224685 0
232296 0
216808 0
237160 0
226602 0
220268 0
223876 0
218095 0
215047 0
222417 0
235514 0
228242 0
217994 0
227531 0
217386 0
221781 0
220487 0
234645 0
221193 0
238332 0
235786 0
240507 0
236583 0
240750 0
236519 0
245561 0
241472 0
234564 0
241877 0
228105 0
237392 0
238866 0
220062 0
247214 0
246565 0
239819 0
236332 0
217158 0
242145 0
232023 0
238341 0
243333 0
216083 0
241361 0
240189 0
228249 0
242552 0
234594 0
227888 0
243614 0
239102 0
243562 0
226342 0
242611 0
221523 0
243093 0
215367 0
243293 0
236402 0
234254 0
219120 0
227502 0
218640 0
228832 0
233072 0
228033 0
227794 0
244852 0
221608 0
225381 0
220469 0
219837 0
226702 0
215717 0
219985 0
244176 0
219557 0
242327 0
237776 0
223503 0
203166 0
235072 0
237394 0
244866 0
218908 0
234029 0
243338 0
206667 0
233313 0
246317 0
238497 0
219144 0
219365 0
226201 0
238934 0
233619 0
231160 0
235701 0
222540 0
220905 0
241055 0
213951 0
223132 0
236463 0
228476 0
233974 0
225267 0
217134 0
224064 0
245019 0
242921 0
227520 0
222251 0
242810 0
226525 0
234540 0
239877 0
254991 0
227433 0
235744 0
229924 0
227968 0
223050 0
219297 0
232338 0
212548 0
226867 0
228783 0
244398 0
219513 0
236960 0
237363 0
217344 0
236653 0
209868 0
230290 0
245411 0
225578 0
204305 0
226757 0
231150 0
214433 0
229833 0
213182 0
228498 0
244818 0
220273 0
228043 0
221398 0
211982 0
226634 0
228462 0
226256 0
231335 0
228587 0
223880 0
221880 0
238666 0
224186 0
232731 0
225427 0
213615 0
238012 0
224117 0
227549 0
227464 0
225518 0
217021 0
235300 0
215537 0
233188 0
215958 0
247291 0
216302 0
235531 0
210514 0
218498 0
209873 0
223025 0
230128 0
239674 0
228809 0
244947 0
245336 0
221343 0
227778 0
236835 0
216030 0
228785 0
212951 0
231271 0
253832 0
233646 0
224287 0
235904 0
223289 0
249686 0
206618 0
244698 0
225493 0
237308 0
232511 0
228393 0
241355 0
220204 0
246657 0
239176 0
242194 0
221466 0
240322 0
229035 0
223741 0
224905 0
245949 0
251743 0
233577 0
243941 0
232223 0
233846 0
217753 0
230460 0
247211 0
223908 0
237890 0
242137 0
233858 0
236775 0
226794 0
218494 0
212006 0
226725 0
233874 0
249382 0
230437 0
231373 0
230730 0
241595 0
227776 0
233909 0
224265 0
232883 0
227520 0
212428 0
222920 0
237268 0
221622 0
224812 0
238328 0
232081 0
225055 0
228955 0
230367 0
234872 0
226956 0
231181 0
244039 0
232554 0
217167 0
220112 0
235249 0
221988 0
248894 0
235385 0
216519 0
235021 0
248393 0
237808 0
231365 0
247166 0
218480 0
221360 0
238652 0
216713 0
221635 0
228029 0
210542 0
220638 0
247910 0
237709 0
210487 0
235977 0
232078 0
220064 0
215779 0
220645 0
229128 0
225863 0
210646 0
238842 0
244894 0
216476 0
245607 0
218603 0
235873 0
229205 0
226725 0
205730 0
229253 0
242064 0
227689 0
233560 0
246968 0
249203 0
240341 0
228562 0
241881 0
242561 0
242695 0
235180 0
234367 0
219615 0
255516 0
234500 0
231049 0
232370 0
228685 0
235084 0
229985 0
228332 0
224856 0
220752 0
241397 0
230690 0
238367 0
228034 0
233934 0
253615 0
235202 0
245317 0
230706 0
215954 0
224262 0
240591 0
226623 0
227205 0
223562 0
236153 0
222047 0
236311 0
249435 0
234962 0
234365 0
260691 0
245857 0
231121 0
235667 0
231167 0
227881 0
230922 0
237989 0
239302 0
251538 0
235817 0
217233 0
239483 0
226879 0
224336 0
242029 0
241602 0
236638 0
226497 0
231947 0
218144 0
219534 0
235719 0
239766 0
237767 0
215210 0
227282 0
235244 0
219658 0
224483 0
232600 0
216679 0
237891 0
217284 0
231611 0
224277 0
222550 0
224130 0
215764 0
214426 0
250004 0
222569 0
229534 0
214054 0
231706 0
219231 0
246172 0
231223 0
211688 0
223571 0
227108 0
224379 0
238732 0
223751 0
240048 0
233480 0
209979 0
229721 0
213242 0
238704 0
239618 0
222443 0
224343 0
232035 0
231828 0
249393 0
234130 0
224848 0
227072 0
219822 0
221125 0
230774 0
220362 0
234180 0
239099 0
242762 0
223171 0
239239 0
223401 0
232181 0
242736 0
235530 0
232103 0
236439 0
235565 0
243464 0
239251 0
242478 0
225056 0
236852 0
250533 0
244470 0
234051 0
210615 0
226060 0
217770 0
234736 0
220187 0
219998 0
213517 0
220777 0
226218 0
225956 0
228182 0
214670 0
238100 0
223875 0
224728 0
226054 0
227744 0
235094 0
241417 0
237699 0
250937 0
223554 0
241517 0
221934 0
227591 0
208192 0
247324 0
217302 0
219099 0
229868 0
231558 0
234386 0
248293 0
235940 0
211599 0
239021 0
233873 0
235786 0
222867 0
231409 0
240561 0
213743 0
219701 0
239173 0
232362 0
225448 0
217663 0
239693 0
217283 0
235780 0
223619 0
219757 0
250263 0
228825 0
224608 0
226566 0
217385 0
233562 0
239161 0
239935 0
220585 0
227130 0
219559 0
232715 0
244798 0
230480 0
223482 0
239774 0
225237 0
236227 0
225810 0
229702 0
231513 0
248268 0
234603 0
232403 0
216158 0
246012 0
215725 0
234908 0
215311 0
227701 0
225383 0
224407 0
236012 0
224773 0
233072 0
235716 0
234315 0
237289 0
211292 0
235905 0
221623 0
216043 0
228883 0
224866 0
229171 0
240571 0
227703 0
228702 0
223646 0
221024 0
199220 0
218971 0
238347 0
223854 0
250038 0
218911 0
221601 0
230881 0
219712 0
221152 0
210731 0
227212 0
209842 0
236518 0
239966 0
237893 0
222427 0
199713 0
227692 0
247085 0
242563 0
229056 0
248889 0
222502 0
246795 0
223163 0
230635 0
229020 0
219328 0
243542 0
248201 0
229136 0
246805 0
234324 0
213834 0
212490 0
236848 0
235152 0
226855 0
220672 0
234129 0
225456 0
225128 0
237856 0
216044 0
237120 0
231097 0
226068 0
212580 0
222092 0
248637 0
216676 0
241483 0
237157 0
227808 0
246384 0
235260 0
215680 0
226617 0
225034 0
226959 0
210334 0
237546 0
255224 0
225742 0
217288 0
219632 0
246670 0
230701 0
227712 0
209957 0
225826 0
245309 0
213199 0
228861 0
233097 0
224386 0
221460 0
243068 0
245462 0
232846 0
233930 0
239648 0
230785 0
217841 0
245796 0
229335 0
230080 0
241063 0
214751 0
232016 0
231619 0
233356 0
215594 0
235130 0
228113 0
235839 0
240400 0
227831 0
232163 0
224774 0
235970 0
228075 0
222154 0
216595 0
222936 0
238685 0
221797 0
234960 0
192994 0
245924 0
241878 0
225431 0
236165 0
223714 0
220998 0
223623 0
240173 0
233326 0
223204 0
223278 0
231512 0
211001 0
230376 0
239310 0
235195 0
235590 0
247606 0
221948 0
226991 0
209562 0
222969 0
215214 0
230404 0
236299 0
226944 0
230486 0
235345 0
219588 0
225386 0
228171 0
235751 0
223878 0
239695 0
232449 0
228174 0
226684 0
234336 0
240901 0
215808 0
212577 0
220641 0
214819 0
235493 0
224065 0
238984 0
219798 0
232472 0
237585 0
235770 0
228140 0
240202 0
230738 0
218545 0
232449 0
229327 0
223055 0
225481 0
229445 0
223745 0
220111 0
229863 0
237431 0
221340 0
232398 0
236542 0
227317 0
236737 0
229607 0
238861 0
225936 0
226939 0
209320 0
232439 0
215297 0
228825 0
223164 0
227763 0
246799 0
217564 0
235099 0
219732 0
223587 0
234685 0
226042 0
234011 0
254372 0
230201 0
224957 0
219344 0
244793 0
220550 0
238738 0
219601 0
230926 0
234718 0
225378 0
232418 0
218477 0
216061 0
236321 0
213769 0
240407 0
241606 0
223985 0
240694 0
239519 0
237167 0
250605 0
213804 0
227563 0
232069 0
226488 0
225409 0
226764 0
227918 0
204542 0
255275 0
240948 0
216260 0
221421 0
218991 0
225131 0
231583 0
221866 0
234143 0
236582 0
246474 0
216294 0
216439 0
225890 0
225058 0
235514 0
207195 0
223212 0
246364 0
239943 0
224650 0
239256 0
223287 0
239826 0
226494 0
214784 0
248876 0
239651 0
222796 0
240274 0
250523 0
244702 0
225060 0
207782 0
251858 0
245355 0
225761 0
225478 0
246861 0
208821 0
220039 0
211462 0
254949 0
227742 0
236687 0
244725 0
259314 0
211174 0
248614 0
227062 0
219692 0
236036 0
229633 0
219722 0
226587 0
235603 0
235757 0
236898 0
208307 0
228824 0
216917 0
227935 0
212904 0
248638 0
213970 0
230883 0
225300 0
228056 0
229309 0
227999 0
226990 0
228091 0
224494 0
220339 0
211707 0
239675 0
224865 0
225127 0
230215 0
214472 0
223646 0
220982 0
221147 0
225866 0
223240 0
218665 0
238304 0
238853 0
233269 0
218921 0
233746 0
226004 0
225121 0
223301 0
216075 0
219981 0
224458 0
228884 0
227635 0
229368 0
257825 0
233574 0
237496 0
232485 0
233623 0
231170 0
235670 0
213910 0
228059 0
209648 0
250470 0
213767 0
230823 0
222006 0
227279 0
207932 0
219791 0
216183 0
225024 0
229113 0
225376 0
227892 0
239713 0
210627 0
220886 0
230096 0
221182 0
234040 0
231493 0
225229 0
232214 0
237554 0
226931 0
221614 0
218830 0
201504 0
244517 0
226535 0
244643 0
226904 0
216779 0
217016 0
235678 0
229106 0
220708 0
222038 0
233351 0
221073 0
236740 0
246856 0
228675 0
239317 0
234418 0
234373 0
222171 0
246904 0
220544 0
231039 0
211650 0
241609 0
246431 0
237740 0
227743 0
228580 0
224025 0
221693 0
228265 0
239536 0
230105 0
225698 0
243478 0
221397 0
238463 0
240785 0
199501 0
233874 0
234329 0
225877 0
252097 0
214487 0
223932 0
215728 0
233304 0
212625 0
247292 0
247314 0
236717 0
220943 0
227193 0
228747 0
240952 0
221952 0
217235 0
233704 0
224304 0
238531 0
229233 0
235834 0
229614 0
224459 0
238160 0
239246 0
227261 0
231011 0
233562 0
248221 0
203394 0
228777 0
226977 0
223236 0
216750 0
244071 0
216760 0
220383 0
225543 0
226402 0
248321 0
211641 0
224951 0
226134 0
233123 0
225146 0
226911 0
232459 0
256997 0
227888 0
230025 0
233088 0
244443 0
231475 0
221072 0
241948 0
224213 0
238599 0
234054 0
244513 0
224707 0
238072 0
236253 0
248190 0
216599 0
229585 0
235248 0
219310 0
230285 0
218946 0
210430 0
213958 0
234738 0
234179 0
222449 0
229307 0
208650 0
252168 0
219386 0
231984 0
227772 0
231912 0
221813 0
228789 0
257147 0
220475 0
214933 0
226989 0
226938 0
231345 0
257722 0
233611 0
216947 0
238537 0
230913 0
234081 0
249247 0
227170 0
228912 0
215860 0
219679 0
228064 0
234728 0
214418 0
237629 0
224958 0
250267 0
231504 0
223220 0
230505 0
230856 0
243519 0
221636 0
223130 0
227182 0
222233 0
225534 0
230692 0
229032 0
238012 0
247036 0
217935 0
225840 0
243275 0
237263 0
217177 0
230899 0
224548 0
234654 0
233833 0
228006 0
212280 0
245431 0
238471 0
221078 0
254514 0
214252 0
229997 0
233603 0
214756 0
228991 0
240723 0
215311 0
216369 0
226677 0
231656 0
228926 0
225153 0
231180 0
229339 0
230991 0
230464 0
214730 0
233922 0
219934 0
240614 0
214981 0
234082 0
230957 0
231280 0
231999 0
229485 0
234271 0
232146 0
227600 0
224542 0
230667 0
241305 0
220873 0
227791 0
243549 0
230006 0
239253 0
235632 0
224327 0
221253 0
238121 0
242148 0
221318 0
219575 0
227025 0
227430 0
239636 0
221663 0
232251 0
226886 0
238431 0
232881 0
234437 0
240689 0
215750 0
214674 0
238924 0
228778 0
227234 0
234144 0
242892 0
240066 0
232492 0
240767 0
212194 0
230474 0
224946 0
248250 0
224614 0
224375 0
238653 0
237820 0
237682 0
257394 0
232820 0
257484 0
220734 0
229777 0
240570 0
216545 0
235078 0
227203 0
223586 0
222081 0
226210 0
254046 0
229094 0
255019 0
232112 0
218838 0
214335 0
234035 0
236253 0
220655 0
224259 0
218485 0
235298 0
232566 0
234274 0
239620 0
236033 0
225457 0
258006 0
240112 0
240861 0
227886 0
217395 0
223621 0
223887 0
247082 0
232279 0
218295 0
228827 0
248066 0
242261 0
226444 0
221132 0
241227 0
216978 0
225643 0
222585 0
227264 0
235595 0
220625 0
226864 0
226562 0
215118 0
229614 0
225503 0
224561 0
256533 0
228320 0
231804 0
229875 0
224989 0
234593 0
231318 0
232561 0
221788 0
223163 0
224851 0
222480 0
210201 0
205646 0
254452 0
222940 0
207999 0
229905 0
231476 0
214042 0
235405 0
226671 0
218094 0
232773 0
226216 0
226054 0
223313 0
221415 0
233882 0
235233 0
247367 0
235266 0
228501 0
233647 0
230608 0
238722 0
244382 0
241983 0
238400 0
227821 0
240573 0
226501 0
235289 0
230504 0
223071 0
236546 0
226355 0
233836 0
221187 0
240759 0
237408 0
229514 0
241329 0
227801 0
232390 0
246302 0
233383 0
227160 0
221895 0
235001 0
229591 0
221883 0
240895 0
229319 0
221315 0
226352 0
236073 0
246367 0
217387 0
230799 0
242458 0
229106 0
201978 0
212382 0
248387 0
244527 0
226938 0
230003 0
220782 0
224472 0
240017 0
242357 0
230576 0
212372 0
217229 0
234128 0
220254 0
221215 0
227019 0
229392 0
223860 0
231775 0
231882 0
230251 0
225541 0
247397 0
248371 0
231508 0
228856 0
218602 0
237740 0
231976 0
233448 0
232349 0
228227 0
227074 0
229515 0
237793 0
218399 0
241498 0
251781 0
214384 0
235185 0
219001 0
218619 0
233145 0
219201 0
216974 0
223047 0
234296 0
238791 0
225943 0
235062 0
232950 0
212434 0
232662 0
209343 0
223650 0
207835 0
231083 0
237674 0
220300 0
233547 0
226753 0
213826 0
237077 0
237305 0
236702 0
221883 0
218364 0
203978 0
224726 0
224555 0
231362 0
226724 0
234105 0
207354 0
229437 0
228039 0
232032 0
242670 0
224151 0
233076 0
219777 0
240008 0
234488 0
237001 0
255312 0
233957 0
235578 0
250323 0
226369 0
224330 0
243448 0
222106 0
219731 0
239303 0
230654 0
234669 0
222616 0
222483 0
244471 0
236186 0
231329 0
233801 0
212157 0
239199 0
230005 0
223369 0
222367 0
223268 0
227521 0
227467 0
226273 0
229024 0
212255 0
233975 0
223981 0
237712 0
212832 0
228900 0
235667 0
217746 0
229527 0
213855 0
223942 0
218859 0
226734 0
217776 0
237096 0
221587 0
221328 0
226005 0
232284 0
227079 0
221655 0
226828 0
222453 0
225210 0
232645 0
223231 0
232041 0
240175 0
203878 0
231051 0
218242 0
226458 0
241224 0
228928 0
226934 0
224831 0
225882 0
220498 0
235049 0
228552 0
241043 0
220248 0
250126 0
241065 0
236195 0
225806 0
239976 0
225813 0
217972 0
239483 0
217265 0
220630 0
218819 0
238197 0
216103 0
217045 0
230280 0
231552 0
222275 0
232887 0
233390 0
234401 0
221613 0
229186 0
220559 0
217209 0
214192 0
229588 0
242153 0
253305 0
218370 0
238625 0
233849 0
244680 0
232377 0
231544 0
249934 0
227196 0
229708 0
235557 0
216941 0
242521 0
230509 0
236965 0
219343 0
234057 0
234556 0
209507 0
239493 0
234659 0
239012 0
242461 0
231441 0
233613 0
246183 0
227981 0
230896 0
245770 0
252370 0
227173 0
217779 0
249384 0
265973 0
237379 0
242142 0
220530 0
238783 0
228018 0
231048 0
243871 0
225881 0
246756 0
221958 0
213865 0
227129 0
245467 0
235086 0
229071 0
231298 0
207887 0
218597 0
229767 0
244121 0
228662 0
231797 0
203546 0
217346 0
236665 0
241100 0
211800 0
220557 0
235169 0
221321 0
220961 0
227994 0
231343 0
237803 0
220731 0
226328 0
242112 0
234461 0
232490 0
237728 0
237302 0
232928 0
235816 0
232711 0
236885 0
221817 0
248923 0
214005 0
218260 0
226277 0
227779 0
228338 0
238265 0
221211 0
231456 0
235119 0
239359 0
225082 0
228829 0
243812 0
230548 0
237747 0
219756 0
212057 0
218212 0
233928 0
240886 0
224891 0
219186 0
185441 0
238608 0
248351 0
232769 0
267945 0
235494 0
229431 0
234924 0
230423 0
239742 0
226792 0
223840 0
237520 0
232271 0
237967 0
236813 0
220763 0
229850 0
225014 0
223851 0
228564 0
218476 0
232925 0
228015 0
238937 0
211930 0
223046 0
242226 0
236311 0
246148 0
238468 0
236505 0
234329 0
232640 0
228534 0
234134 0
208510 0
234412 0
238785 0
230766 0
237434 0
228877 0
227933 0
238913 0
238202 0
235829 0
236689 0
221650 0
244788 0
212264 0
232642 0
233099 0
216580 0
224921 0
233814 0
237499 0
226453 0
230907 0
219280 0
224902 0
240023 0
235452 0
252125 0
226404 0
229578 0
230737 0
243670 0
229321 0
223009 0
237605 0
243056 0
234871 0
223997 0
238385 0
244783 0
227121 0
217065 0
225350 0
224338 0
217700 0
239540 0
233963 0
218251 0
228583 0
233154 0
228145 0
234335 0
234128 0
253031 0
228640 0
238024 0
214464 0
214151 0
218031 0
211359 0
230181 0
237080 0
220439 0
249200 0
246327 0
238776 0
229842 0
226578 0
224386 0
230835 0
207249 0
231063 0
219565 0
243537 0
237312 0
224279 0
244001 0
236636 0
224235 0
223450 0
238047 0
239989 0
237954 0
249380 0
225068 0
236410 0
216138 0
231968 0
223439 0
233297 0
216584 0
237643 0
223693 0
217728 0
249470 0
238471 0
225684 0
243586 0
222704 0
253129 0
232850 0
207668 0
230086 0
237160 0
227487 0
233106 0
225235 0
222063 0
244920 0
241051 0
232897 0
243417 0
230072 0
240271 0
227778 0
233554 0
222005 0
226117 0
235765 0
233963 0
239028 0
247336 0
229635 0
214386 0
233231 0
232729 0
225972 0
243347 0
227002 0
237894 0
237783 0
233677 0
243541 0
231992 0
237098 0
220625 0
224342 0
230989 0
225543 0
228747 0
216009 0
223648 0
224736 0
228021 0
231429 0
231629 0
226156 0
229491 0
230226 0
224339 0
218396 0
231207 0
219391 0
213180 0
228978 0
242997 0
226586 0
234083 0
216157 0
237033 0
230312 0
242147 0
241086 0
213746 0
215406 0
218012 0
235941 0
224100 0
220386 0
232673 0
249206 0
238284 0
224154 0
250070 0
223558 0
228124 0
234022 0
247732 0
236007 0
223710 0
223178 0
221309 0
251087 0
215142 0
219361 0
223378 0
215197 0
214883 0
239351 0
238930 0
201574 0
233319 0
224327 0
235629 0
224199 0
240464 0
214815 0
225318 0
232335 0
234712 0
216192 0
223183 0
215654 0
234467 0
230324 0
247771 0
225495 0
228897 0
238304 0
233141 0
231523 0
232176 0
239132 0
217978 0
238766 0
214398 0
225376 0
213714 0
219573 0
214787 0
215866 0
215001 0
220679 0
226720 0
228970 0
222907 0
250062 0
224516 0
204491 0
222559 0
223244 0
235844 0
215688 0
247052 0
220689 0
227055 0
222523 0
237584 0
236874 0
225678 0
239682 0
222483 0
240289 0
228902 0
224598 0
238044 0
224689 0
227341 0
224543 0
243020 0
248627 0
229514 0
244027 0
233726 0
213214 0
230010 0
247505 0
235669 0
238091 0
220830 0
224339 0
228239 0
218407 0
239160 0
234617 0
246219 0
233835 0
227805 0
247707 0
233206 0
230873 0
223348 0
244874 0
238840 0
224719 0
247841 0
229641 0
224248 0
229299 0
235461 0
204604 0
222888 0
231414 0
223444 0
218427 0
240864 0
229003 0
228472 0
214169 0
223703 0
218962 0
247958 0
238651 0
228524 0
243414 0
216047 0
243980 0
230789 0
207963 0
206529 0
226176 0
219380 0
237993 0
236853 0
220223 0
219316 0
243680 0
240322 0
231787 0
228244 0
237984 0
230263 0
227130 0
218719 0
232773 0
232024 0
222590 0
233486 0
230816 0
246517 0
225260 0
233895 0
233478 0
240172 0
240287 0
242816 0
239687 0
246218 0
228225 0
231319 0
235340 0
227867 0
256698 0
242146 0
216176 0
229372 0
213125 0
221248 0
220094 0
230650 0
223001 0
237661 0
217376 0
249406 0
244582 0
221768 0
235863 0
236471 0
245832 0
243899 0
224211 0
243524 0
227086 0
232181 0
229600 0
218220 0
216979 0
248405 0
231119 0
221105 0
218328 0
236583 0
225570 0
224145 0
243051 0
239076 0
245615 0
237143 0
239734 0
240449 0
216626 0
232056 0
243750 0
238468 0
229216 0
227670 0
219307 0
243380 0
242966 0
245056 0
232327 0
252438 0
231027 0
219352 0
222086 0
217409 0
221719 0
214760 0
228614 0
232967 0
233700 0
213696 0
231636 0
231428 0
220271 0
204183 0
235691 0
229021 0
218804 0
223170 0
221451 0
230551 0
229170 0
222579 0
237302 0
232682 0
236596 0
230989 0
252261 0
230890 0
232582 0
220701 0
238522 0
207798 0
215325 0
242639 0
210000 0
228607 0
227795 0
233248 0
244326 0
231883 0
228341 0
212874 0
234912 0
217146 0
234798 0
226370 0
240655 0
230734 0
216574 0
234073 0
208210 0
222885 0
220376 0
238608 0
240839 0
248731 0
213416 0
239236 0
237533 0
233595 0
226160 0
255413 0
216486 0
221856 0
224044 0
245939 0
243002 0
231747 0
230493 0
232154 0
231486 0
246712 0
245464 0
217012 0
226689 0
228131 0
230540 0
244322 0
223930 0
209218 0
230938 0
228041 0
234674 0
230024 0
240080 0
231121 0
257379 0
233218 0
214325 0
221423 0
241248 0
237115 0
225356 0
208070 0
234892 0
236732 0
231429 0
235320 0
247811 0
214908 0
263006 0
226004 0
217908 0
223974 0
234020 0
221361 0
241031 0
233190 0
226009 0
215499 0
221940 0
233570 0
240452 0
242210 0
239578 0
243218 0
213636 0
229481 0
243143 0
239840 0
223819 0
237214 0
233205 0
221986 0
226259 0
235400 0
248980 0
254911 0
220728 0
251004 0
235092 0
201376 0
230122 0
233286 0
221175 0
231698 0
227287 0
221556 0
232970 0
232670 0
230760 0
239891 0
239340 0
229072 0
247759 0
220055 0
242490 0
242584 0
254075 0
245535 0
231184 0
228499 0
234807 0
250558 0
229842 0
232641 0
214772 0
248713 0
231379 0
223901 0
234349 0
250688 0
232170 0
239240 0
223977 0
227083 0
250091 0
238981 0
226205 0
247133 0
214898 0
225413 0
232066 0
227444 0
223190 0
236925 0
237399 0
226315 0
232749 0
228058 0
226897 0
218555 0
217322 0
232947 0
248110 0
233874 0
219456 0
247901 0
223746 0
241580 0
232218 0
228775 0
248997 0
219550 0
231929 0
241191 0
228659 0
228905 0
247380 0
239183 0
223147 0
225002 0
242873 0
221041 0
228128 0
219797 0
230401 0
217057 0
221038 0
219527 0
231413 0
225476 0
233223 0
211294 0
230982 0
220829 0
228300 0
238477 0
253371 0
232491 0
246062 0
233475 0
229278 0
244096 0
243483 0
227910 0
219271 0
244430 0
217074 0
230722 0
250217 0
224054 0
206251 0
232789 0
231231 0
237691 0
221854 0
244277 0
244064 0
240067 0
214453 0
222505 0
222139 0
229504 0
243208 0
227009 0
215964 0
243260 0
231530 0
234704 0
229217 0
221197 0
236040 0
222079 0
221940 0
239088 0
262894 0
230448 0
210210 0
253915 0
227224 0
231249 0
222245 0
230660 0
208236 0
231915 0
233454 0
221213 0
224102 0
225437 0
233352 0
226652 0
237105 0
229453 0
232990 0
226336 0
226963 0
215220 0
224837 0
254544 0
232708 0
240902 0
243455 0
241281 0
237153 0
238302 0
231880 0
234383 0
249160 0
223516 0
224884 0
228469 0
239567 0
228143 0
218073 0
230000 0
224740 0
211518 0
223520 0
208333 0
233658 0
230027 0
249847 0
238583 0
229844 0
216056 0
216852 0
228813 0
249944 0
239099 0
227080 0
229890 0
240221 0
231507 0
248156 0
238715 0
233218 0
246230 0
230464 0
229498 0
222282 0
240695 0
229872 0
232371 0
233731 0
232201 0
220511 0
236905 0
218919 0
232886 0
224586 0
245152 0
238146 0
218393 0
240896 0
212260 0
227288 0
234692 0
225954 0
228042 0
232655 0
231642 0
227314 0
237005 0
227695 0
224778 0
228626 0
240328 0
227239 0
219598 0
219627 0
228439 0
218673 0
231305 0
214404 0
218578 0
235729 0
231606 0
222034 0
212438 0
217121 0
212870 0
236607 0
227330 0
240944 0
234320 0
253451 0
237641 0
216650 0
240716 0
228099 0
219750 0
225356 0
227153 0
226987 0
234007 0
232687 0
230402 0
242848 0
233369 0
232899 0
242531 0
228204 0
223029 0
235542 0
228528 0
214719 0
215154 0
233120 0
232176 0
235734 0
229505 0
222269 0
237227 0
219783 0
233928 0
230629 0
217896 0
218970 0
219191 0
227096 0
226283 0
246976 0
234128 0
217802 0
219492 0
236326 0
218747 0
216043 0
231393 0
225783 0
249886 0
228486 0
251244 0
226288 0
231309 0
240087 0
220256 0
214179 0
232849 0
241467 0
241492 0
226869 0
231277 0
235995 0
228888 0
206614 0
215515 0
242428 0
233376 0
231672 0
232052 0
220181 0
229500 0
225862 0
233497 0
215951 0
224866 0
246941 0
234525 0
238653 0
228781 0
223936 0
255005 0
238270 0
218872 0
222095 0
225202 0
230411 0
221127 0
221213 0
230622 0
252708 0
230284 0
214419 0
220842 0
224671 0
230727 0
213494 0
232141 0
225189 0
241285 0
238238 0
227090 0
233957 0
243932 0
229962 0
240667 0
240520 0
231569 0
229117 0
214617 0
241197 0
238039 0
231552 0
222135 0
234550 0
227008 0
235513 0
230785 0
221794 0
230189 0
229981 0
233901 0
249181 0
223942 0
231699 0
230920 0
224233 0
223915 0
236559 0
237867 0
230073 0
238616 0
239504 0
247169 0
213685 0
223926 0
228707 0
234079 0
236702 0
226894 0
223595 0
241811 0
221037 0
229509 0
230902 0
243473 0
227233 0
218538 0
228971 0
250709 0
240949 0
236506 0
238118 0
240183 0
225596 0
230743 0
226088 0
240517 0
220767 0
223726 0
225777 0
231718 0
248626 0
237793 0
208958 0
239503 0
228967 0
235318 0
235294 0
206701 0
224785 0
229206 0
229390 0
247195 0
237315 0
222109 0
226209 0
220035 0
234313 0
210788 0
236585 0
225617 0
240486 0
223416 0
221915 0
215046 0
220235 0
230199 0
232949 0
228430 0
236527 0
231940 0
237077 0
228829 0
240401 0
247151 0
233239 0
238388 0
234467 0
228466 0
227724 0
206018 0
230458 0
234069 0
232359 0
240056 0
231768 0
228174 0
234671 0
227641 0
240908 0
216022 0
249578 0
254125 0
226433 0
243124 0
240753 0
224196 0
224147 0
220259 0
216074 0
227445 0
227668 0
210028 0
221303 0
233903 0
240574 0
234815 0
208260 0
238905 0
219343 0
223320 0
211977 0
224230 0
221814 0
240820 0
236602 0
232499 0
218488 0
217523 0
221598 0
228646 0
226966 0
228974 0
223178 0
231650 0
223535 0
220264 0
220592 0
229614 0
236576 0
230450 0
220695 0
222004 0
240902 0
225763 0
233447 0
232307 0
227702 0
232482 0
222753 0
233639 0
224267 0
221374 0
236158 0
225751 0
221463 0
229863 0
227111 0
223519 0
229407 0
241232 0
238227 0
218261 0
243200 0
228730 0
224947 0
239477 0
224416 0
239183 0
223696 0
250063 0
216238 0
227981 0
229949 0
241707 0
216925 0
239781 0
225227 0
219177 0
231087 0
232248 0
212414 0
220072 0
238770 0
205919 0
230363 0
209353 0
225614 0
244074 0
231990 0
236700 0
229923 0
235205 0
215684 0
227948 0
230610 0
230005 0
238629 0
247844 0
240671 0
219540 0
246376 0
224348 0
233338 0
238664 0
220035 0
221408 0
241160 0
236464 0
225425 0
219625 0
224052 0
237612 0
234395 0
223642 0
225684 0
231908 0
230682 0
248861 0
221297 0
234290 0
220548 0
214254 0
221132 0
237624 0
223813 0
234777 0
223636 0
218378 0
220104 0
226518 0
241287 0
229397 0
220068 0
233790 0
242458 0
215704 0
241485 0
232862 0
229085 0
232376 0
235540 0
228273 0
213682 0
245399 0
220351 0
244128 0
230898 0
227518 0
235408 0
217141 0
212510 0
232653 0
216269 0
238210 0
230410 0
225352 0
213861 0
250086 0
234799 0
213263 0
239026 0
247417 0
224440 0
232028 0
235745 0
233186 0
223253 0
221536 0
245316 0
236399 0
214930 0
238074 0
214102 0
241483 0
247457 0
221816 0
235737 0
215964 0
244754 0
231331 0
230476 0
264938 0
261017 0
217395 0
243879 0
228016 0
222447 0
223018 0
208124 0
241418 0
229372 0
229194 0
230827 0
210236 0
241759 0
250566 0
244259 0
254517 0
232851 0
220993 0
206324 0
236565 0
228626 0
213599 0
224963 0
240369 0
221674 0
218678 0
213654 0
222856 0
217317 0
237415 0
223299 0
237788 0
229786 0
239434 0
237046 0
229980 0
233213 0
227530 0
218496 0
242020 0
232848 0
230952 0
237837 0
225804 0
244579 0
232811 0
225003 0
219523 0
236757 0
227073 0
222719 0
238607 0
245638 0
230785 0
228536 0
256393 0
224799 0
220228 0
241033 0
227131 0
240083 0
213522 0
212135 0
242945 0
226775 0
234854 0
223440 0
216190 0
233359 0
226152 0
235579 0
236931 0
239971 0
214807 0
227449 0
222678 0
226366 0
227639 0
226898 0
240353 0
232615 0
241006 0
229055 0
243256 0
235173 0
231018 0
228787 0
223172 0
235774 0
235782 0
240910 0
232941 0
229306 0
219767 0
231644 0
234441 0
224768 0
216178 0
213870 0
228095 0
233759 0
226456 0
239179 0
215267 0
239280 0
227594 0
242098 0
223404 0
239553 0
206533 0
219094 0
241609 0
246358 0
236879 0
221671 0
227882 0
192939 0
224017 0
215928 0
227989 0
219226 0
227353 0
232818 0
218993 0
224680 0
241908 0
231935 0
229651 0
238767 0
233842 0
248661 0
222340 0
224966 0
242902 0
225270 0
244565 0
217619 0
234905 0
217785 0
207146 0
230980 0
241727 0
232887 0
229210 0
227140 0
209888 0
220401 0
218220 0
218555 0
242905 0
222744 0
233953 0
225986 0
243361 0
228655 0
232306 0
249322 0
239584 0
213879 0
238118 0
219851 0
237124 0
218803 0
213691 0
232103 0
230033 0
231331 0
238872 0
244283 0
213106 0
218978 0
239843 0
246101 0
256571 0
235957 0
220192 0
236193 0
215274 0
224251 0
212754 0
223533 0
230727 0
231456 0
247081 0
229630 0
234814 0
243501 0
251072 0
224665 0
232175 0
226543 0
240300 0
237766 0
226893 0
225393 0
244460 0
240376 0
233880 0
228319 0
234684 0
233724 0
211829 0
234266 0
216119 0
229171 0
221301 0
247221 0
234013 0
209848 0
209070 0
218117 0
230781 0
227474 0
254400 0
235756 0
228476 0
235005 0
219408 0
237461 0
210004 0
236846 0
240234 0
229815 0
231671 0
231150 0
230024 0
242938 0
219668 0
224907 0
217729 0
228327 0
237135 0
246752 0
235131 0
253930 0
248005 0
231789 0
228332 0
214066 0
233786 0
239184 0
232683 0
222547 0
233574 0
238602 0
254340 0
230135 0
216955 0
230998 0
240725 0
242280 0
234910 0
234218 0
225273 0
212078 0
237876 0
223137 0
235014 0
232691 0
222902 0
223173 0
226118 0
229108 0
241488 0
242539 0
232353 0
208510 0
227849 0
251527 0
215307 0
230111 0
225256 0
260100 0
234014 0
237316 0
219396 0
207425 0
233315 0
196681 0
234502 0
251473 0
225785 0
231495 0
232876 0
225559 0
228594 0
234542 0
244782 0
222372 0
248769 0
227530 0
237621 0
233672 0
239600 0
248619 0
230820 0
233488 0
225673 0
229583 0
215867 0
241399 0
234087 0
236718 0
226138 0
236300 0
238292 0
237654 0
223505 0
240329 0
216099 0
219539 0
214972 0
221459 0
230752 0
228760 0
223471 0
212985 0
223642 0
223309 0
218616 0
237758 0
243817 0
236879 0
222158 0
261725 0
234407 0
237159 0
203391 0
245859 0
219562 0
218281 0
244763 0
227720 0
247747 0
242300 0
223893 0
200996 0
246583 0
242331 0
224951 0
223478 0
223694 0
227494 0
218061 0
198803 0
231203 0
218694 0
227915 0
241910 0
226150 0
234514 0
228197 0
242620 0
245663 0
220853 0
236130 0
218370 0
230356 0
258634 0
222504 0
247557 0
231284 0
245764 0
228594 0
224960 0
255753 0
221620 0
224241 0
245766 0
231022 0
245307 0
243267 0
239466 0
222425 0
231467 0
236610 0
241974 0
252434 0
235584 0
226097 0
229316 0
242246 0
227871 0
238470 0
227054 0
235235 0
226910 0
225295 0
238277 0
225587 0
233381 0
214174 0
227579 0
228210 0
211243 0
231827 0
243221 0
243810 0
234502 0
214555 0
241034 0
227450 0
224124 0
229402 0
246814 0
217068 0
228422 0
233943 0
236235 0
208755 0
236514 0
234860 0
242565 0
237198 0
232860 0
220251 0
234727 0
225631 0
228813 0
249008 0
234684 0
232511 0
236074 0
220925 0
234667 0
217736 0
217461 0
228944 0
237538 0
234678 0
222831 0
225270 0
255871 0
204627 0
224060 0
244584 0
223387 0
214114 0
233271 0
220085 0
238568 0
238593 0
229812 0
242465 0
238547 0
224419 0
227536 0
242019 0
201411 0
234427 0
213033 0
228790 0
228042 0
245883 0
216939 0
243239 0
241181 0
257160 0
204452 0
234371 0
225519 0
216788 0
230824 0
226665 0
239961 0
241161 0
232419 0
243936 0
215261 0
232605 0
207695 0
241148 0
225692 0
226104 0
234101 0
220544 0
229236 0
232678 0
212521 0
235886 0
244555 0
219332 0
222141 0
237732 0
233897 0
221112 0
245076 0
236422 0
234431 0
236383 0
238419 0
209156 0
247710 0
213566 0
223745 0
211357 0
236465 0
217949 0
242644 0
231164 0
246700 0
250391 0
231506 0
242805 0
251451 0
227394 0
208476 0
225999 0
235065 0
249432 0
224139 0
217411 0
212017 0
215705 0
259482 0
232547 0
219403 0
223057 0
231870 0
209666 0
221023 0
240034 0
235316 0
223305 0
216609 0
231435 0
236981 0
218804 0
228645 0
244027 0
236181 0
217682 0
239897 0
228572 0
226818 0
234347 0
264437 0
234037 0
239908 0
211392 0
226270 0
222863 0
244248 0
221201 0
212961 0
220033 0
220936 0
225126 0
227906 0
228130 0
217397 0
220839 0
248821 0
235173 0
209082 0
232377 0
233246 0
237737 0
216719 0
239845 0
226258 0
226002 0
241707 0
228293 0
217098 0
209575 0
224008 0
222030 0
212693 0
226136 0
231097 0
239559 0
218780 0
222421 0
239774 0
233186 0
235716 0
218127 0
239095 0
217336 0
239054 0
241213 0
227984 0
217545 0
224618 0
227489 0
235585 0
214040 0
228357 0
256913 0
237914 0
220426 0
225000 0
199981 0
244823 0
215665 0
216647 0
227209 0
223360 0
231367 0
228396 0
231293 0
229442 0
226062 0
250714 0
212017 0
251747 0
231883 0
221763 0
232750 0
243439 0
226727 0
235393 0
240814 0
229757 0
236667 0
210785 0
235265 0
239409 0
225238 0
244202 0
231156 0
232784 0
235301 0
212839 0
238964 0
228830 0
224347 0
219950 0
236068 0
231664 0
238041 0
243193 0
232250 0
231803 0
246208 0
252744 0
211427 0
236125 0
223451 0
237887 0
227553 0
225889 0
229288 0
231143 0
236556 0
231364 0
246880 0
227607 0
228655 0
227300 0
217830 0
224917 0
217630 0
250857 0
225721 0
229499 0
236060 0
225931 0
227072 0
226063 0
232115 0
230111 0
226922 0
225549 0
229314 0
229070 0
221567 0
225198 0
222077 0
248558 0
239071 0
223179 0
224935 0
215712 0
228037 0
235753 0
241414 0
240943 0
245679 0
228267 0
230228 0
240293 0
237055 0
232545 0
232782 0
234844 0
240061 0
225487 0
208103 0
232427 0
225242 0
208900 0
231518 0
229645 0
224909 0
232986 0
242001 0
228067 0
245458 0
223298 0
240561 0
225163 0
215169 0
240912 0
235788 0
221896 0
247231 0
215744 0
220631 0
225456 0
206324 0
242910 0
224783 0
257907 0
218346 0
228684 0
238587 0
220109 0
226905 0
238546 0
218211 0
230062 0
227523 0
235907 0
231144 0
246820 0
237963 0
244176 0
230456 0
252937 0
230071 0
233754 0
219689 0
232200 0
220401 0
229774 0
226979 0
243635 0
233605 0
240019 0
246615 0
240197 0
232830 0
245434 0
229903 0
225807 0
216172 0
234856 0
227953 0
224199 0
232835 0
240937 0
230810 0
212009 0
235393 0
229806 0
246353 0
231733 0
231015 0
219856 0
244916 0
209178 0
237804 0
230368 0
234606 0
236845 0
225008 0
232210 0
253066 0
229650 0
242290 0
232323 0
242463 0
232894 0
218159 0
217253 0
226795 0
231933 0
207609 0
235547 0
226473 0
210759 0
241478 0
215091 0
234380 0
210985 0
244915 0
228301 0
227811 0
224022 0
233384 0
217753 0
226929 0
234298 0
228602 0
233507 0
232651 0
247334 0
239385 0
228616 0
212294 0
236939 0
214399 0
219074 0
227199 0
233089 0
243008 0
242479 0
215081 0
235735 0
226614 0
233849 0
231897 0
223905 0
231189 0
230885 0
246380 0
231622 0
236760 0
212041 0
235882 0
236311 0
241186 0
227093 0
239210 0
236376 0
232733 0
238075 0
245865 0
228451 0
251149 0
238823 0
229251 0
235894 0
235117 0
217583 0
227178 0
235376 0
235173 0
241761 0
221979 0
248634 0
248923 0
226898 0
239924 0
259566 0
224545 0
222052 0
241520 0
239672 0
235920 0
229716 0
225328 0
225290 0
219282 0
232443 0
242172 0
234479 0
251603 0
222557 0
214142 0
238903 0
234224 0
240351 0
222783 0
230778 0
229946 0
232236 0
234522 0
226462 0
216753 0
237563 0
242464 0
243876 0
219019 0
221878 0
222996 0
225817 0
221912 0
210717 0
245965 0
237669 0
230442 0
232830 0
234324 0
241602 0
241230 0
227678 0
241260 0
208373 0
230822 0
233611 0
234197 0
208250 0
225053 0
224135 0
232482 0
230115 0
227215 0
214970 0
231477 0
232844 0
207355 0
238358 0
224881 0
227312 0
237429 0
254742 0
222633 0
231275 0
241145 0
252686 0
219263 0
238939 0
228657 0
256024 0
227194 0
218658 0
222507 0
242333 0
228234 0
225775 0
221062 0
230782 0
247680 0
228572 0
221015 0
231624 0
218271 0
226869 0
238254 0
240255 0
225377 0
245656 0
225418 0
212415 0
237049 0
224066 0
224327 0
237520 0
232417 0
214057 0
228761 0
229400 0
216369 0
221018 0
208625 0
233579 0
224186 0
238943 0
212491 0
216391 0
209622 0
248390 0
228326 0
236293 0
217443 0
220879 0
236471 0
209674 0
228076 0
223605 0
231554 0
231513 0
244744 0
235874 0
221836 0
227528 0
217567 0
234295 0
225600 0
231296 0
229585 0
237131 0
227135 0
229308 0
231480 0
224128 0
236041 0
210923 0
214947 0
226904 0
222129 0
223731 0
266239 0
232408 0
211342 0
225634 0
214938 0
227425 0
223220 0
235024 0
227137 0
216973 0
234629 0
238258 0
234019 0
224384 0
222297 0
235569 0
220990 0
232329 0
238951 0
216547 0
226244 0
227259 0
218545 0
231207 0
217437 0
234695 0
225628 0
234669 0
221383 0
251788 0
227454 0
229710 0
244965 0
245201 0
231317 0
228440 0
252858 0
214206 0
231096 0
218452 0
224302 0
217176 0
226599 0
219889 0
233640 0
253593 0
228800 0
251590 0
239018 0
232461 0
228328 0
224495 0
231364 0
237078 0
206867 0
230717 0
225144 0
238844 0
236697 0
247900 0
234482 0
232495 0
228014 0
228397 0
223623 0
237260 0
238463 0
233723 0
239454 0
230606 0
217320 0
225185 0
221415 0
229337 0
217974 0
227601 0
245623 0
228066 0
234827 0
228225 0
209672 0
225473 0
233839 0
227527 0
212906 0
222255 0
246543 0
228882 0
241481 0
243280 0
236394 0
227666 0
229016 0
248814 0
226292 0
245658 0
230863 0
239716 0
221098 0
228767 0
227586 0
240983 0
220318 0
258255 0
222048 0
222941 0
240091 0
248963 0
234633 0
237447 0
229444 0
231687 0
230082 0
223345 0
229138 0
217428 0
232187 0
243612 0
230008 0
228273 0
239041 0
233107 0
242188 0
244311 0
222473 0
221492 0
226752 0
216087 0
243426 0
241201 0
247724 0
230183 0
231003 0
224913 0
229462 0
236858 0
240624 0
230003 0
249241 0
237070 0
235487 0
224838 0
230089 0
227275 0
230777 0
227774 0
238612 0
232048 0
241472 0
223795 0
229009 0
240682 0
233985 0
241206 0
230167 0
233158 0
227168 0
227155 0
209527 0
231812 0
244489 0
235908 0
238864 0
232509 0
240066 0
230419 0
243128 0
225851 0
255138 0
229071 0
233506 0
229677 0
212888 0
239107 0
230306 0
242998 0
235694 0
244073 0
226013 0
234060 0
236367 0
242393 0
224522 0
223200 0
233097 0
232107 0
219716 0
220281 0
221441 0
241786 0
230529 0
217998 0
241641 0
227136 0
252780 0
239829 0
216231 0
230764 0
225582 0
214275 0
241502 0
231180 0
234829 0
222837 0
221720 0
230182 0
239566 0
221488 0
229273 0
235949 0
201571 0
226096 0
234670 0
226413 0
248837 0
238515 0
229624 0
223493 0
222934 0
226028 0
240314 0
245918 0
220622 0
225333 0
226089 0
229230 0
212439 0
244368 0
225897 0
228685 0
234018 0
232469 0
216431 0
243998 0
225059 0
241194 0
210482 0
226584 0
225560 0
254543 0
228887 0
239407 0
248635 0
236532 0
246139 0
226053 0
240431 0
215030 0
237878 0
233820 0
231722 0
230488 0
231585 0
232324 0
223254 0
241563 0
228728 0
242109 0
230972 0
223298 0
256855 0
221315 0
218674 0
225649 0
229356 0
228337 0
217775 0
232653 0
234556 0
215891 0
222888 0
234215 0
232440 0
226009 0
232020 0
239264 0
216306 0
224304 0
228918 0
223191 0
217954 0
235158 0
229404 0
226995 0
243635 0
234608 0
231664 0
223083 0
236056 0
238593 0
234596 0
252499 0
237891 0
235566 0
230938 0
248339 0
229900 0
247316 0
227324 0
241071 0
220805 0
246309 0
239825 0
233703 0
220241 0
239768 0
226212 0
229614 0
215478 0
241527 0
239270 0
239559 0
231550 0
217827 0
221265 0
222659 0
241696 0
225207 0
230026 0
238214 0
248064 0
243605 0
212445 0
225549 0
224045 0
229410 0
226484 0
232835 0
219922 0
237265 0
218497 0
220435 0
232058 0
229096 0
212017 0
235732 0
236369 0
235368 0
232480 0
219124 0
239370 0
245621 0
242925 0
238021 0
236779 0
232613 0
247338 0
238223 0
225451 0
236966 0
243734 0
237843 0
217716 0
233975 0
227134 0
237765 0
215339 0
233688 0
212299 0
233308 0
241004 0
247518 0
226420 0
210434 0
249773 0
243304 0
239489 0
226770 0
228010 0
236816 0
244864 0
222643 0
225034 0
225601 0
211969 0
245857 0
227561 0
235781 0
227610 0
243135 0
228211 0
241592 0
248895 0
241082 0
235381 0
221426 0
244859 0
215906 0
231824 0
233275 0
218221 0
232178 0
224024 0
225152 0
223064 0
226293 0
235191 0
218624 0
227509 0
213008 0
221542 0
222300 0
235179 0
238750 0
231422 0
232777 0
205615 0
234265 0
229522 0
224539 0
224693 0
232311 0
224147 0
234605 0
240039 0
232120 0
231981 0
224957 0
240701 0
227817 0
225609 0
209506 0
237086 0
226422 0
232827 0
226223 0
214297 0
245939 0
227664 0
226139 0
228184 0
237573 0
228166 0
247091 0
233205 0
218326 0
233355 0
243224 0
218536 0
227735 0
245162 0
226648 0
246379 0
215612 0
234030 0
236221 0
232455 0
250807 0
233565 0
230522 0
256053 0
214965 0
221584 0
226081 0
235538 0
231337 0
236241 0
235779 0
233111 0
223503 0
239588 0
239732 0
233688 0
229254 0
248892 0
240269 0
225682 0
250875 0
245487 0
225412 0
225522 0
239423 0
232028 0
229661 0
231023 0
241214 0
260668 0
243933 0
230629 0
237848 0
232483 0
222471 0
228151 0
230161 0
226882 0
250141 0
242011 0
221038 0
237420 0
233868 0
233056 0
227470 0
241350 0
232344 0
230473 0
228490 0
232637 0
227719 0
226059 0
229035 0
237184 0
219754 0
225645 0
206321 0
226202 0
234202 0
236601 0
234267 0
238934 0
239552 0
201495 0
237053 0
234651 0
217750 0
219622 0
217609 0
239148 0
236468 0
223032 0
227320 0
233710 0
237817 0
247281 0
220895 0
229844 0
242238 0
244400 0
223948 0
230237 0
236715 0
225085 0
237276 0
230796 0
219421 0
244127 0
233644 0
232787 0
242303 0
216952 0
225741 0
219446 0
211818 0
219881 0
237649 0
235019 0
226233 0
227272 0
221099 0
233894 0
235144 0
255246 0
218540 0
230599 0
229948 0
232201 0
226661 0
240060 0
240817 0
223851 0
230697 0
225200 0
235531 0
233021 0
235550 0
236593 0
238278 0
238280 0
228921 0
220092 0
229820 0
233347 0
259407 0
222081 0
217889 0
217952 0
212901 0
214643 0
238301 0
226757 0
226268 0
243249 0
218981 0
220022 0
230596 0
242429 0
237704 0
216899 0
245442 0
225561 0
248424 0
220270 0
228984 0
224388 0
234311 0
246516 0
227009 0
218757 0
236490 0
241140 0
231382 0
247266 0
230794 0
241093 0
239564 0
239133 0
233674 0
237401 0
227795 0
226023 0
239710 0
245095 0
226434 0
227645 0
227718 0
233082 0
225057 0
227423 0
268299 0
223444 0
268850 0
244736 0
245787 0
222266 0
230398 0
229532 0
225677 0
222157 0
212888 0
222803 0
212720 0
262809 0
236515 0
223100 0
215023 0
233992 0
231477 0
246809 0
227075 0
229208 0
222120 0
239641 0
222363 0
219162 0
228879 0
236386 0
226190 0
232500 0
259335 0
210165 0
229535 0
225746 0
232938 0
228140 0
211652 0
217659 0
228325 0
232582 0
229269 0
239232 0
237518 0
225192 0
221290 0
241435 0
220194 0
230531 0
216173 0
232845 0
225551 0
229709 0
230835 0
204459 0
221547 0
240747 0
220665 0
232103 0
220196 0
241133 0
224554 0
250835 0
221819 0
232617 0
240244 0
206314 0
233871 0
250946 0
233122 0
239858 0
242658 0
221612 0
234546 0
226106 0
226230 0
217383 0
213674 0
230794 0
224501 0
224911 0
231086 0
241393 0
237976 0
225028 0
255486 0
225486 0
220686 0
219951 0
227337 0
228604 0
239445 0
220939 0
229405 0
237364 0
227036 0
222523 0
224924 0
238280 0
231437 0
231529 0
233937 0
247732 0
234553 0
226026 0
217961 0
244743 0
218748 0
226144 0
246102 0
224673 0
204966 0
224321 0
232296 0
224532 0
245598 0
221236 0
228375 0
227113 0
222275 0
218749 0
224698 0
228845 0
216131 0
229219 0
220151 0
221639 0
238711 0
233434 0
232589 0
215525 0
229902 0
225505 0
223800 0
223319 0
247809 0
240560 0
239112 0
234774 0
208413 0
230648 0
218292 0
222832 0
229617 0
232869 0
235046 0
219564 0
225811 0
217459 0
224068 0
234691 0
234140 0
210595 0
225854 0
240551 0
223695 0
237397 0
242995 0
252589 0
237059 0
234613 0
218879 0
224548 0
216447 0
215246 0
233395 0
232882 0
232209 0
222807 0
221778 0
228187 0
233239 0
232143 0
229446 0
238050 0
226859 0
227887 0
205765 0
221995 0
226162 0
227642 0
209067 0
234737 0
230031 0
224201 0
235854 0
242390 0
251544 0
234385 0
242792 0
232456 0
226666 0
238920 0
243418 0
227692 0
237358 0
221152 0
218316 0
221148 0
211054 0
257051 0
232961 0
232552 0
224875 0
214258 0
221652 0
246449 0
222916 0
237409 0
238820 0
216237 0
264603 0
214298 0
227111 0
228858 0
222047 0
223615 0
214989 0
232607 0
225219 0
254141 0
207760 0
208802 0
230164 0
230673 0
219576 0
223208 0
233898 0
224473 0
249218 0
223573 0
223563 0
227896 0
230884 0
236282 0
225839 0
231678 0
223510 0
234066 0
227667 0
245499 0
218547 0
226087 0
247569 0
217648 0
232382 0
223626 0
228962 0
232394 0
234389 0
242214 0
248161 0
229047 0
228856 0
224918 0
246649 0
207735 0
222583 0
236518 0
230472 0
228205 0
229048 0
234302 0
217876 0
235541 0
216700 0
220338 0
235228 0
233331 0
229252 0
231785 0
209454 0
224699 0
213982 0
239590 0
223331 0
233450 0
229181 0
223651 0
225503 0
228678 0
249236 0
231175 0
217130 0
232887 0
232711 0
217305 0
222532 0
219031 0
246966 0
221869 0
240268 0
236876 0
222297 0
239627 0
229001 0
243510 0
251168 0
220676 0
221029 0
236085 0
233346 0
253630 0
208838 0
228795 0
220568 0
247422 0
231295 0
229208 0
226025 0
232531 0
221665 0
253946 0
231742 0
242803 0
248209 0
232965 0
215528 0
232726 0
234959 0
229563 0
230225 0
229932 0
230569 0
225249 0
214707 0
236079 0
225207 0
238393 0
225330 0
221033 0
241650 0
249136 0
246689 0
233669 0
217885 0
213073 0
219077 0
226928 0
232341 0
235521 0
219864 0
224417 0
245464 0
233523 0
223957 0
249108 0
219365 0
228597 0
220974 0
226319 0
238189 0
218851 0
215484 0
241285 0
221121 0
233877 0
222886 0
229805 0
233739 0
227793 0
210963 0
219558 0
235383 0
242506 0
228923 0
247707 0
240954 0
214161 0
231058 0
229315 0
228912 0
220315 0
230714 0
234243 0
226944 0
210552 0
223545 0
233864 0
229256 0
232344 0
217498 0
232322 0
231248 0
251952 0
199336 0
248207 0
223919 0
240750 0
238291 0
237062 0
233856 0
237454 0
229956 0
227992 0
238962 0
218055 0
212593 0
263660 0
210564 0
254243 0
229586 0
227950 0
252530 0
216507 0
258658 0
229535 0
226132 0
236606 0
212760 0
234359 0
227612 0
232696 0
230885 0
227278 0
234560 0
232020 0
258298 0
227028 0
222844 0
221771 0
225030 0
217113 0
253519 0
244373 0
226049 0
237526 0
230022 0
231023 0
222387 0
231653 0
239997 0
241018 0
248931 0
237500 0
243870 0
227240 0
218918 0
221885 0
223633 0
223109 0
235577 0
224660 0
251588 0
225205 0
207639 0
238531 0
241456 0
232235 0
226825 0
225470 0
223961 0
245508 0
235431 0
230801 0
247350 0
229022 0
218259 0
216411 0
226744 0
228679 0
224706 0
231756 0
218843 0
240379 0
233247 0
214511 0
218346 0
227770 0
208547 0
240348 0
276346 0
218582 0
226667 0
237488 0
220745 0
230990 0
219650 0
241347 0
219637 0
231184 0
241723 0
239114 0
212248 0
229231 0
221958 0
227172 0
237533 0
227663 0
238301 0
220721 0
227427 0
210414 0
217609 0
221749 0
249610 0
239986 0
226677 0
235510 0
251979 0
235837 0
243285 0
226280 0
248820 0
223762 0
260632 0
214360 0
246168 0
222015 0
229508 0
225572 0
243517 0
216825 0
215971 0
227198 0
224428 0
237104 0
232772 0
221681 0
215151 0
236536 0
233717 0
260435 0
224270 0
238554 0
216863 0
216663 0
238298 0
230440 0
252365 0
215684 0
233816 0
253305 0
226798 0
229470 0
231875 0
243580 0
234216 0
251883 0
215433 0
237300 0
224842 0
231413 0
224432 0
235874 0
225610 0
221993 0
236258 0
241773 0
240083 0
231157 0
227782 0
234892 0
249599 0
225970 0
234955 0
236292 0
242881 0
224241 0
229362 0
213041 0
231054 0
228604 0
217668 0
235060 0
226544 0
240906 0
232776 0
224050 0
223981 0
238366 0
235184 0
226851 0
230125 0
226567 0
220681 0
236093 0
231341 0
227234 0
222428 0
210671 0
223285 0
233320 0
251989 0
236606 0
229797 0
221800 0
232771 0
239129 0
236903 0
223229 0
226476 0
231420 0
210447 0
236806 0
237895 0
247065 0
216573 0
231339 0
227445 0
224518 0
222619 0
237148 0
