1 36 20
2 63 13
3 71 63
4 70 88
5 64 6
6 18 9
7 35 17
8 88 87
9 35 23
10 10 37
11 49 9
12 24 13
13 66 71
14 14 75
15 94 12
16 82 4
17 72 42
18 80 25
19 62 85
20 66 93
21 67 46
22 83 6
23 62 35
24 75 66
25 80 11
26 75 94
27 47 41
28 25 89
29 91 33
30 57 41
31 49 42
32 71 6
33 67 3
34 67 38
35 30 91
36 49 85
37 21 79
38 70 54
39 39 64
40 26 41
41 78 44
42 70 35
43 91 37
44 65 7
45 56 96
46 30 60
47 49 23
48 5 82
49 58 30
50 1 66
51 27 71
52 43 32
53 77 64
54 75 31
55 95 37
56 46 52
57 16 35
58 38 22
59 11 96
60 56 3
61 11 52
62 42 5
63 50 43
64 25 93
65 83 22
66 88 17
67 59 33
68 47 41
69 88 25
70 24 2
71 12 1
72 16 82
73 83 61
74 47 5
75 88 34
76 87 56
77 11 57
78 34 35
79 59 10
80 54 41
81 86 37
82 63 86
83 84 96
84 40 61
85 10 50
86 69 23
87 23 19
88 97 51
89 77 66
90 96 26
91 59 78
92 25 84
93 13 35
94 72 4
95 38 43
96 91 65
97 13 3
98 87 62
99 16 2
100 78 82
